//Section   Type   Level
0	    0	   4
0	    1	   4
0	    2	   4
0	    3	   4
0	    4	   4
0	    5	   4
0	    6	   4
0	    7	   4
0	    8	   4
0	    9	   4
0	    10	   4
0	    11	   4
0	    12	   4
0	    13	   4
0	    14	   4
0	    15	   4
0	    16	   4
0	    17	   4
0	    18	   4
0	    19	   4
0	    20	   4
0	    21	   4
0	    22	   4
0	    23	   4
0	    24	   4
0	    25	   4
0	    26	   4
0	    27	   4
0	    28	   4
0	    29	   4
0	    30	   4
0	    31	   4
0	    32	   4
0	    33	   4
0	    34	   4
0	    35	   4
0	    36	   4
0	    37	   4
0	    38	   4
0	    39	   4
0	    40	   4
0	    41	   4
0	    42	   4
0	    43	   4
0	    44	   4
0	    45	   4
0	    46	   4
0	    47	   4
0	    48	   4
0	    49	   4
0	    50	   4
0	    51	   4
0	    52	   4
0	    53	   4
0	    54	   4
0	    55	   4
0	    56	   4
0	    57	   4
0	    58	   4
0	    59	   4
0	    60	   4
0	    61	   4
0	    62	   4
0	    63	   4
0	    64	   4
0	    65	   4
0	    66	   4
0	    67	   4
0	    68	   4
0	    69	   4
0	    70	   4
0	    71	   4
0	    72	   4
0	    73	   4
0	    74	   4
0	    75	   4
0	    76	   4
0	    77	   4
0	    78	   4
0	    79	   4
0	    80	   4
0	    81	   4
0	    82	   4
0	    83	   4
0	    84	   4
0	    85	   4
0	    86	   4
0	    87	   4
0	    88	   4
0	    89	   4
0	    90	   4
0	    91	   4
0	    92	   4
0	    93	   4
0	    94	   4
0	    95	   4
0	    96	   4
0	    97	   4
0	    98	   4
0	    99	   4
0	    100	   4
0	    101	   4
0	    102	   4
0	    103	   4
0	    104	   4
0	    105	   4
0	    106	   4
0	    107	   4
0	    108	   4
0	    109	   4
0	    110	   4
0	    111	   4
0	    112	   4
0	    113	   4
0	    114	   4
0	    115	   4
0	    116	   4
0	    117	   4
0	    118	   4
0	    119	   4
0	    120	   4
0	    121	   4
0	    122	   4
0	    123	   4
0	    124	   4
0	    125	   4
0	    126	   4
0	    127	   4
0	    128	   4
0	    129	   4
0	    130	   4
0	    131	   4
0	    132	   4
0	    133	   4
0	    134	   4
0	    135	   4
0	    136	   4
0	    137	   4
0	    138	   4
0	    139	   4
0	    140	   4
0	    141	   4
0	    142	   4
0	    143	   4
0	    144	   4
0	    145	   4
0	    146	   4
0	    147	   4
0	    148	   4
0	    149	   4
0	    150	   4
0	    151	   4
0	    152	   4
0	    153	   4
0	    154	   4
0	    155	   4
0	    156	   4
0	    157	   4
0	    158	   4
0	    159	   4
0	    160	   4
0	    161	   4
0	    162	   4
0	    163	   4
0	    164	   4
0	    165	   4
0	    166	   4
0	    167	   4
0	    168	   4
0	    169	   4
0	    170	   4
0	    171	   4
0	    172	   4
0	    173	   4
0	    174	   4
0	    175	   4
0	    176	   4
0	    177	   4
0	    178	   4
0	    179	   4
0	    180	   4
0	    181	   4
0	    182	   4
0	    183	   4
0	    184	   4
0	    185	   4
0	    186	   4
0	    187	   4
0	    188	   4
0	    119	   4
0	    190	   4
0	    191	   4
0	    192	   4
0	    193	   4
0	    194	   4
0	    195	   4
0	    196	   4
0	    197	   4
0	    198	   4
0	    199	   4
0	    200	   4
0	    201	   4
0	    202	   4
0	    203	   4
0	    204	   4
0	    205	   4
0	    206	   4
0	    207	   4
0	    208	   4
0	    209	   4
0	    210	   4
0	    211	   4
0	    212	   4
0	    213	   4
0	    214	   4
0	    215	   4
0	    216	   4
0	    217	   4
0	    218	   4
0	    219	   4
0	    220	   4
0	    221	   4
0	    222	   4
0	    223	   4
0	    224	   4
0	    225	   4
0	    226	   4
0	    227	   4
0	    228	   4
0	    229	   4
0	    230	   4
0	    231	   4
0	    232	   4
0	    233	   4
0	    234	   4
0	    235	   4
0	    236	   4
0	    237	   4
0	    238	   4
0	    239	   4
0	    240	   4
0	    241	   4
0	    242	   4
0	    243	   4
0	    244	   4
0	    245	   4
0	    246	   4
0	    247	   4
0	    248	   4
0	    249	   4
0	    250	   4
0	    251	   4
0	    252	   4
0	    253	   4
0	    254	   4
0	    255	   4
0	    256	   4
0	    257	   4
0	    258	   4
0	    259	   4
0	    260	   4
0	    261	   4
0	    262	   4
0	    263	   4
0	    264	   4
0	    265	   4
0	    266	   4
0	    267	   4
0	    268	   4
0	    269	   4
0	    270	   4
0	    271	   4
0	    272	   4
0	    273	   4
0	    274	   4
0	    275	   4
0	    276	   4
0	    277	   4
0	    278	   4
0	    279	   4
0	    280	   4
0	    281	   4
0	    282	   4
0	    283	   4
0	    284	   4
0	    285	   4
0	    286	   4
0	    287	   4
0	    288	   4
0	    289	   4
0	    290	   4
0	    291	   4
0	    292	   4
0	    293	   4
0	    294	   4
0	    295	   4
0	    296	   4
0	    297	   4
0	    298	   4
0	    299	   4
0	    300	   4
0	    301	   4
0	    302	   4
0	    303	   4
0	    304	   4
0	    305	   4
0	    306	   4
0	    307	   4
0	    308	   4
0	    309	   4
0	    310	   4
0	    311	   4
0	    312	   4
0	    313	   4
0	    314	   4
0	    315	   4
0	    316	   4
0	    317	   4
0	    318	   4
0	    319	   4
0	    320	   4
0	    321	   4
0	    322	   4
0	    323	   4
0	    324	   4
0	    325	   4
0	    326	   4
0	    327	   4
0	    328	   4
0	    329	   4
0	    330	   4
0	    331	   4
0	    332	   4
0	    333	   4
0	    334	   4
0	    335	   4
0	    336	   4
0	    337	   4
0	    338	   4
0	    339	   4
0	    340	   4
0	    341	   4
0	    342	   4
0	    343	   4
0	    344	   4
0	    345	   4
0	    346	   4
0	    347	   4
0	    348	   4
0	    349	   4
0	    350	   4
0	    351	   4
0	    352	   4
0	    353	   4
0	    354	   4
0	    355	   4
0	    356	   4
0	    357	   4
0	    358	   4
0	    359	   4
0	    360	   4
0	    361	   4
0	    362	   4
0	    363	   4
0	    364	   4
0	    365	   4
0	    366	   4
0	    367	   4
0	    368	   4
0	    369	   4
0	    370	   4
0	    371	   4
0	    372	   4
0	    373	   4
0	    374	   4
0	    375	   4
0	    376	   4
0	    377	   4
0	    378	   4
0	    379	   4
0	    380	   4
0	    381	   4
0	    382	   4
0	    383	   4
0	    384	   4
0	    385	   4
0	    386	   4
0	    387	   4
0	    388	   4
0	    389	   4
0	    390	   4
0	    391	   4
0	    392	   4
0	    393	   4
0	    394	   4
0	    395	   4
0	    396	   4
0	    397	   4
0	    398	   4
0	    399	   4
0	    400	   4
0	    401	   4
0	    402	   4
0	    403	   4
0	    404	   4
0	    405	   4
0	    406	   4
0	    407	   4
0	    408	   4
0	    409	   4
0	    410	   4
0	    411	   4
0	    412	   4
0	    413	   4
0	    414	   4
0	    415	   4
0	    416	   4
0	    417	   4
0	    418	   4
0	    419	   4
0	    420	   4
0	    421	   4
0	    422	   4
0	    423	   4
0	    424	   4
0	    425	   4
0	    426	   4
0	    427	   4
0	    428	   4
0	    429	   4
0	    430	   4
0	    431	   4
0	    432	   4
0	    433	   4
0	    434	   4
0	    435	   4
0	    436	   4
0	    437	   4
0	    438	   4
0	    439	   4
0	    440	   4
0	    441	   4
0	    442	   4
0	    443	   4
0	    444	   4
0	    445	   4
0	    446	   4
0	    447	   4
0	    448	   4
0	    449	   4
0	    450	   4
0	    451	   4
0	    452	   4
0	    453	   4
0	    454	   4
0	    455	   4
0	    456	   4
0	    457	   4
0	    458	   4
0	    459	   4
0	    460	   4
0	    461	   4
0	    462	   4
0	    463	   4
0	    464	   4
0	    465	   4
0	    466	   4
0	    467	   4
0	    468	   4
0	    469	   4
0	    470	   4
0	    471	   4
0	    472	   4
0	    473	   4
0	    474	   4
0	    475	   4
0	    476	   4
0	    477	   4
0	    478	   4
0	    479	   4
0	    480	   4
0	    481	   4
0	    482	   4
0	    483	   4
0	    484	   4
0	    485	   4
0	    486	   4
0	    487	   4
0	    488	   4
0	    489	   4
0	    490	   4
0	    491	   4
0	    492	   4
0	    493	   4
0	    494	   4
0	    495	   4
0	    496	   4
0	    497	   4
0	    498	   4
0	    499	   4
0	    500	   4
0	    501	   4
0	    502    4
0	    503	   4
0	    504	   4
0	    505	   4
0	    506	   4
0	    507	   4
0	    508	   4
0	    509	   4
0	    510	   4
0	    511	   4
//--
1	    0	   4
1	    1	   4
1	    2	   4
1	    3	   4
1	    4	   4
1	    5	   4
1	    6	   4
1	    7	   4
1	    8	   4
1	    9	   4
1	    10	   4
1	    11	   4
1	    12	   4
1	    13	   4
1	    14	   4
1	    15	   4
1	    16	   4
1	    17	   4
1	    18	   4
1	    19	   4
1	    20	   4
1	    21	   4
1	    22	   4
1	    23	   4
1	    24	   4
1	    25	   4
1	    26	   4
1	    27	   4
1	    28	   4
1	    29	   4
1	    30	   4
1	    31	   4
1	    32	   4
1	    33	   4
1	    34	   4
1	    35	   4
1	    36	   4
1	    37	   4
1	    38	   4
1	    39	   4
1	    40	   4
1	    41	   4
1	    42	   4
1	    43	   4
1	    44	   4
1	    45	   4
1	    46	   4
1	    47	   4
1	    48	   4
1	    49	   4
1	    50	   4
1	    51	   4
1	    52	   4
1	    53	   4
1	    54	   4
1	    55	   4
1	    56	   4
1	    57	   4
1	    58	   4
1	    59	   4
1	    60	   4
1	    61	   4
1	    62	   4
1	    63	   4
1	    64	   4
1	    65	   4
1	    66	   4
1	    67	   4
1	    68	   4
1	    69	   4
1	    70	   4
1	    71	   4
1	    72	   4
1	    73	   4
1	    74	   4
1	    75	   4
1	    76	   4
1	    77	   4
1	    78	   4
1	    79	   4
1	    80	   4
1	    81	   4
1	    82	   4
1	    83	   4
1	    84	   4
1	    85	   4
1	    86	   4
1	    87	   4
1	    88	   4
1	    89	   4
1	    90	   4
1	    91	   4
1	    92	   4
1	    93	   4
1	    94	   4
1	    95	   4
1	    96	   4
1	    97	   4
1	    98	   4
1	    99	   4
1	    100	   4
1	    101	   4
1	    102	   4
1	    103	   4
1	    104	   4
1	    105	   4
1	    106	   4
1	    107	   4
1	    108	   4
1	    109	   4
1	    110	   4
1	    111	   4
1	    112	   4
1	    113	   4
1	    114	   4
1	    115	   4
1	    116	   4
1	    117	   4
1	    118	   4
1	    119	   4
1	    120	   4
1	    121	   4
1	    122	   4
1	    123	   4
1	    124	   4
1	    125	   4
1	    126	   4
1	    127	   4
1	    128	   4
1	    129	   4
1	    130	   4
1	    131	   4
1	    132	   4
1	    133	   4
1	    134	   4
1	    135	   4
1	    136	   4
1	    137	   4
1	    138	   4
1	    139	   4
1	    140	   4
1	    141	   4
1	    142	   4
1	    143	   4
1	    144	   4
1	    145	   4
1	    146	   4
1	    147	   4
1	    148	   4
1	    149	   4
1	    150	   4
1	    151	   4
1	    152	   4
1	    153	   4
1	    154	   4
1	    155	   4
1	    156	   4
1	    157	   4
1	    158	   4
1	    159	   4
1	    160	   4
1	    161	   4
1	    162	   4
1	    163	   4
1	    164	   4
1	    165	   4
1	    166	   4
1	    167	   4
1	    168	   4
1	    169	   4
1	    170	   4
1	    171	   4
1	    172	   4
1	    173	   4
1	    174	   4
1	    175	   4
1	    176	   4
1	    177	   4
1	    178	   4
1	    179	   4
1	    180	   4
1	    181	   4
1	    182	   4
1	    183	   4
1	    184	   4
1	    185	   4
1	    186	   4
1	    187	   4
1	    188	   4
1	    119	   4
1	    190	   4
1	    191	   4
1	    192	   4
1	    193	   4
1	    194	   4
1	    195	   4
1	    196	   4
1	    197	   4
1	    198	   4
1	    199	   4
1	    200	   4
1	    201	   4
1	    202	   4
1	    203	   4
1	    204	   4
1	    205	   4
1	    206	   4
1	    207	   4
1	    208	   4
1	    209	   4
1	    210	   4
1	    211	   4
1	    212	   4
1	    213	   4
1	    214	   4
1	    215	   4
1	    216	   4
1	    217	   4
1	    218	   4
1	    219	   4
1	    220	   4
1	    221	   4
1	    222	   4
1	    223	   4
1	    224	   4
1	    225	   4
1	    226	   4
1	    227	   4
1	    228	   4
1	    229	   4
1	    230	   4
1	    231	   4
1	    232	   4
1	    233	   4
1	    234	   4
1	    235	   4
1	    236	   4
1	    237	   4
1	    238	   4
1	    239	   4
1	    240	   4
1	    241	   4
1	    242	   4
1	    243	   4
1	    244	   4
1	    245	   4
1	    246	   4
1	    247	   4
1	    248	   4
1	    249	   4
1	    250	   4
1	    251	   4
1	    252	   4
1	    253	   4
1	    254	   4
1	    255	   4
1	    256	   4
1	    257	   4
1	    258	   4
1	    259	   4
1	    260	   4
1	    261	   4
1	    262	   4
1	    263	   4
1	    264	   4
1	    265	   4
1	    266	   4
1	    267	   4
1	    268	   4
1	    269	   4
1	    270	   4
1	    271	   4
1	    272	   4
1	    273	   4
1	    274	   4
1	    275	   4
1	    276	   4
1	    277	   4
1	    278	   4
1	    279	   4
1	    280	   4
1	    281	   4
1	    282	   4
1	    283	   4
1	    284	   4
1	    285	   4
1	    286	   4
1	    287	   4
1	    288	   4
1	    289	   4
1	    290	   4
1	    291	   4
1	    292	   4
1	    293	   4
1	    294	   4
1	    295	   4
1	    296	   4
1	    297	   4
1	    298	   4
1	    299	   4
1	    300	   4
1	    301	   4
1	    302	   4
1	    303	   4
1	    304	   4
1	    305	   4
1	    306	   4
1	    307	   4
1	    308	   4
1	    309	   4
1	    310	   4
1	    311	   4
1	    312	   4
1	    313	   4
1	    314	   4
1	    315	   4
1	    316	   4
1	    317	   4
1	    318	   4
1	    319	   4
1	    320	   4
1	    321	   4
1	    322	   4
1	    323	   4
1	    324	   4
1	    325	   4
1	    326	   4
1	    327	   4
1	    328	   4
1	    329	   4
1	    330	   4
1	    331	   4
1	    332	   4
1	    333	   4
1	    334	   4
1	    335	   4
1	    336	   4
1	    337	   4
1	    338	   4
1	    339	   4
1	    340	   4
1	    341	   4
1	    342	   4
1	    343	   4
1	    344	   4
1	    345	   4
1	    346	   4
1	    347	   4
1	    348	   4
1	    349	   4
1	    350	   4
1	    351	   4
1	    352	   4
1	    353	   4
1	    354	   4
1	    355	   4
1	    356	   4
1	    357	   4
1	    358	   4
1	    359	   4
1	    360	   4
1	    361	   4
1	    362	   4
1	    363	   4
1	    364	   4
1	    365	   4
1	    366	   4
1	    367	   4
1	    368	   4
1	    369	   4
1	    370	   4
1	    371	   4
1	    372	   4
1	    373	   4
1	    374	   4
1	    375	   4
1	    376	   4
1	    377	   4
1	    378	   4
1	    379	   4
1	    380	   4
1	    381	   4
1	    382	   4
1	    383	   4
1	    384	   4
1	    385	   4
1	    386	   4
1	    387	   4
1	    388	   4
1	    389	   4
1	    390	   4
1	    391	   4
1	    392	   4
1	    393	   4
1	    394	   4
1	    395	   4
1	    396	   4
1	    397	   4
1	    398	   4
1	    399	   4
1	    400	   4
1	    401	   4
1	    402	   4
1	    403	   4
1	    404	   4
1	    405	   4
1	    406	   4
1	    407	   4
1	    408	   4
1	    409	   4
1	    410	   4
1	    411	   4
1	    412	   4
1	    413	   4
1	    414	   4
1	    415	   4
1	    416	   4
1	    417	   4
1	    418	   4
1	    419	   4
1	    420	   4
1	    421	   4
1	    422	   4
1	    423	   4
1	    424	   4
1	    425	   4
1	    426	   4
1	    427	   4
1	    428	   4
1	    429	   4
1	    430	   4
1	    431	   4
1	    432	   4
1	    433	   4
1	    434	   4
1	    435	   4
1	    436	   4
1	    437	   4
1	    438	   4
1	    439	   4
1	    440	   4
1	    441	   4
1	    442	   4
1	    443	   4
1	    444	   4
1	    445	   4
1	    446	   4
1	    447	   4
1	    448	   4
1	    449	   4
1	    450	   4
1	    451	   4
1	    452	   4
1	    453	   4
1	    454	   4
1	    455	   4
1	    456	   4
1	    457	   4
1	    458	   4
1	    459	   4
1	    460	   4
1	    461	   4
1	    462	   4
1	    463	   4
1	    464	   4
1	    465	   4
1	    466	   4
1	    467	   4
1	    468	   4
1	    469	   4
1	    470	   4
1	    471	   4
1	    472	   4
1	    473	   4
1	    474	   4
1	    475	   4
1	    476	   4
1	    477	   4
1	    478	   4
1	    479	   4
1	    480	   4
1	    481	   4
1	    482	   4
1	    483	   4
1	    484	   4
1	    485	   4
1	    486	   4
1	    487	   4
1	    488	   4
1	    489	   4
1	    490	   4
1	    491	   4
1	    492	   4
1	    493	   4
1	    494	   4
1	    495	   4
1	    496	   4
1	    497	   4
1	    498	   4
1	    499	   4
1	    500	   4
1	    501	   4
1	    502    4
1	    503	   4
1	    504	   4
1	    505	   4
1	    506	   4
1	    507	   4
1	    508	   4
1	    509	   4
1	    510	   4
1	    511	   4
//--
2	    0	   4
2	    1	   4
2	    2	   4
2	    3	   4
2	    4	   4
2	    5	   4
2	    6	   4
2	    7	   4
2	    8	   4
2	    9	   4
2	    10	   4
2	    11	   4
2	    12	   4
2	    13	   4
2	    14	   4
2	    15	   4
2	    16	   4
2	    17	   4
2	    18	   4
2	    19	   4
2	    20	   4
2	    21	   4
2	    22	   4
2	    23	   4
2	    24	   4
2	    25	   4
2	    26	   4
2	    27	   4
2	    28	   4
2	    29	   4
2	    30	   4
2	    31	   4
2	    32	   4
2	    33	   4
2	    34	   4
2	    35	   4
2	    36	   4
2	    37	   4
2	    38	   4
2	    39	   4
2	    40	   4
2	    41	   4
2	    42	   4
2	    43	   4
2	    44	   4
2	    45	   4
2	    46	   4
2	    47	   4
2	    48	   4
2	    49	   4
2	    50	   4
2	    51	   4
2	    52	   4
2	    53	   4
2	    54	   4
2	    55	   4
2	    56	   4
2	    57	   4
2	    58	   4
2	    59	   4
2	    60	   4
2	    61	   4
2	    62	   4
2	    63	   4
2	    64	   4
2	    65	   4
2	    66	   4
2	    67	   4
2	    68	   4
2	    69	   4
2	    70	   4
2	    71	   4
2	    72	   4
2	    73	   4
2	    74	   4
2	    75	   4
2	    76	   4
2	    77	   4
2	    78	   4
2	    79	   4
2	    80	   4
2	    81	   4
2	    82	   4
2	    83	   4
2	    84	   4
2	    85	   4
2	    86	   4
2	    87	   4
2	    88	   4
2	    89	   4
2	    90	   4
2	    91	   4
2	    92	   4
2	    93	   4
2	    94	   4
2	    95	   4
2	    96	   4
2	    97	   4
2	    98	   4
2	    99	   4
2	    100	   4
2	    101	   4
2	    102	   4
2	    103	   4
2	    104	   4
2	    105	   4
2	    106	   4
2	    107	   4
2	    108	   4
2	    109	   4
2	    110	   4
2	    111	   4
2	    112	   4
2	    113	   4
2	    114	   4
2	    115	   4
2	    116	   4
2	    117	   4
2	    118	   4
2	    119	   4
2	    120	   4
2	    121	   4
2	    122	   4
2	    123	   4
2	    124	   4
2	    125	   4
2	    126	   4
2	    127	   4
2	    128	   4
2	    129	   4
2	    130	   4
2	    131	   4
2	    132	   4
2	    133	   4
2	    134	   4
2	    135	   4
2	    136	   4
2	    137	   4
2	    138	   4
2	    139	   4
2	    140	   4
2	    141	   4
2	    142	   4
2	    143	   4
2	    144	   4
2	    145	   4
2	    146	   4
2	    147	   4
2	    148	   4
2	    149	   4
2	    150	   4
2	    151	   4
2	    152	   4
2	    153	   4
2	    154	   4
2	    155	   4
2	    156	   4
2	    157	   4
2	    158	   4
2	    159	   4
2	    160	   4
2	    161	   4
2	    162	   4
2	    163	   4
2	    164	   4
2	    165	   4
2	    166	   4
2	    167	   4
2	    168	   4
2	    169	   4
2	    170	   4
2	    171	   4
2	    172	   4
2	    173	   4
2	    174	   4
2	    175	   4
2	    176	   4
2	    177	   4
2	    178	   4
2	    179	   4
2	    180	   4
2	    181	   4
2	    182	   4
2	    183	   4
2	    184	   4
2	    185	   4
2	    186	   4
2	    187	   4
2	    188	   4
2	    119	   4
2	    190	   4
2	    191	   4
2	    192	   4
2	    193	   4
2	    194	   4
2	    195	   4
2	    196	   4
2	    197	   4
2	    198	   4
2	    199	   4
2	    200	   4
2	    201	   4
2	    202	   4
2	    203	   4
2	    204	   4
2	    205	   4
2	    206	   4
2	    207	   4
2	    208	   4
2	    209	   4
2	    210	   4
2	    211	   4
2	    212	   4
2	    213	   4
2	    214	   4
2	    215	   4
2	    216	   4
2	    217	   4
2	    218	   4
2	    219	   4
2	    220	   4
2	    221	   4
2	    222	   4
2	    223	   4
2	    224	   4
2	    225	   4
2	    226	   4
2	    227	   4
2	    228	   4
2	    229	   4
2	    230	   4
2	    231	   4
2	    232	   4
2	    233	   4
2	    234	   4
2	    235	   4
2	    236	   4
2	    237	   4
2	    238	   4
2	    239	   4
2	    240	   4
2	    241	   4
2	    242	   4
2	    243	   4
2	    244	   4
2	    245	   4
2	    246	   4
2	    247	   4
2	    248	   4
2	    249	   4
2	    250	   4
2	    251	   4
2	    252	   4
2	    253	   4
2	    254	   4
2	    255	   4
2	    256	   4
2	    257	   4
2	    258	   4
2	    259	   4
2	    260	   4
2	    261	   4
2	    262	   4
2	    263	   4
2	    264	   4
2	    265	   4
2	    266	   4
2	    267	   4
2	    268	   4
2	    269	   4
2	    270	   4
2	    271	   4
2	    272	   4
2	    273	   4
2	    274	   4
2	    275	   4
2	    276	   4
2	    277	   4
2	    278	   4
2	    279	   4
2	    280	   4
2	    281	   4
2	    282	   4
2	    283	   4
2	    284	   4
2	    285	   4
2	    286	   4
2	    287	   4
2	    288	   4
2	    289	   4
2	    290	   4
2	    291	   4
2	    292	   4
2	    293	   4
2	    294	   4
2	    295	   4
2	    296	   4
2	    297	   4
2	    298	   4
2	    299	   4
2	    300	   4
2	    301	   4
2	    302	   4
2	    303	   4
2	    304	   4
2	    305	   4
2	    306	   4
2	    307	   4
2	    308	   4
2	    309	   4
2	    310	   4
2	    311	   4
2	    312	   4
2	    313	   4
2	    314	   4
2	    315	   4
2	    316	   4
2	    317	   4
2	    318	   4
2	    319	   4
2	    320	   4
2	    321	   4
2	    322	   4
2	    323	   4
2	    324	   4
2	    325	   4
2	    326	   4
2	    327	   4
2	    328	   4
2	    329	   4
2	    330	   4
2	    331	   4
2	    332	   4
2	    333	   4
2	    334	   4
2	    335	   4
2	    336	   4
2	    337	   4
2	    338	   4
2	    339	   4
2	    340	   4
2	    341	   4
2	    342	   4
2	    343	   4
2	    344	   4
2	    345	   4
2	    346	   4
2	    347	   4
2	    348	   4
2	    349	   4
2	    350	   4
2	    351	   4
2	    352	   4
2	    353	   4
2	    354	   4
2	    355	   4
2	    356	   4
2	    357	   4
2	    358	   4
2	    359	   4
2	    360	   4
2	    361	   4
2	    362	   4
2	    363	   4
2	    364	   4
2	    365	   4
2	    366	   4
2	    367	   4
2	    368	   4
2	    369	   4
2	    370	   4
2	    371	   4
2	    372	   4
2	    373	   4
2	    374	   4
2	    375	   4
2	    376	   4
2	    377	   4
2	    378	   4
2	    379	   4
2	    380	   4
2	    381	   4
2	    382	   4
2	    383	   4
2	    384	   4
2	    385	   4
2	    386	   4
2	    387	   4
2	    388	   4
2	    389	   4
2	    390	   4
2	    391	   4
2	    392	   4
2	    393	   4
2	    394	   4
2	    395	   4
2	    396	   4
2	    397	   4
2	    398	   4
2	    399	   4
2	    400	   4
2	    401	   4
2	    402	   4
2	    403	   4
2	    404	   4
2	    405	   4
2	    406	   4
2	    407	   4
2	    408	   4
2	    409	   4
2	    410	   4
2	    411	   4
2	    412	   4
2	    413	   4
2	    414	   4
2	    415	   4
2	    416	   4
2	    417	   4
2	    418	   4
2	    419	   4
2	    420	   4
2	    421	   4
2	    422	   4
2	    423	   4
2	    424	   4
2	    425	   4
2	    426	   4
2	    427	   4
2	    428	   4
2	    429	   4
2	    430	   4
2	    431	   4
2	    432	   4
2	    433	   4
2	    434	   4
2	    435	   4
2	    436	   4
2	    437	   4
2	    438	   4
2	    439	   4
2	    440	   4
2	    441	   4
2	    442	   4
2	    443	   4
2	    444	   4
2	    445	   4
2	    446	   4
2	    447	   4
2	    448	   4
2	    449	   4
2	    450	   4
2	    451	   4
2	    452	   4
2	    453	   4
2	    454	   4
2	    455	   4
2	    456	   4
2	    457	   4
2	    458	   4
2	    459	   4
2	    460	   4
2	    461	   4
2	    462	   4
2	    463	   4
2	    464	   4
2	    465	   4
2	    466	   4
2	    467	   4
2	    468	   4
2	    469	   4
2	    470	   4
2	    471	   4
2	    472	   4
2	    473	   4
2	    474	   4
2	    475	   4
2	    476	   4
2	    477	   4
2	    478	   4
2	    479	   4
2	    480	   4
2	    481	   4
2	    482	   4
2	    483	   4
2	    484	   4
2	    485	   4
2	    486	   4
2	    487	   4
2	    488	   4
2	    489	   4
2	    490	   4
2	    491	   4
2	    492	   4
2	    493	   4
2	    494	   4
2	    495	   4
2	    496	   4
2	    497	   4
2	    498	   4
2	    499	   4
2	    500	   4
2	    501	   4
2	    502    4
2	    503	   4
2	    504	   4
2	    505	   4
2	    506	   4
2	    507	   4
2	    508	   4
2	    509	   4
2	    510	   4
2	    511	   4
//--
3	    0	   4
3	    1	   4
3	    2	   4
3	    3	   4
3	    4	   4
3	    5	   4
3	    6	   4
3	    7	   4
3	    8	   4
3	    9	   4
3	    10	   4
3	    11	   4
3	    12	   4
3	    13	   4
3	    14	   4
3	    15	   4
3	    16	   4
3	    17	   4
3	    18	   4
3	    19	   4
3	    20	   4
3	    21	   4
3	    22	   4
3	    23	   4
3	    24	   4
3	    25	   4
3	    26	   4
3	    27	   4
3	    28	   4
3	    29	   4
3	    30	   4
3	    31	   4
3	    32	   4
3	    33	   4
3	    34	   4
3	    35	   4
3	    36	   4
3	    37	   4
3	    38	   4
3	    39	   4
3	    40	   4
3	    41	   4
3	    42	   4
3	    43	   4
3	    44	   4
3	    45	   4
3	    46	   4
3	    47	   4
3	    48	   4
3	    49	   4
3	    50	   4
3	    51	   4
3	    52	   4
3	    53	   4
3	    54	   4
3	    55	   4
3	    56	   4
3	    57	   4
3	    58	   4
3	    59	   4
3	    60	   4
3	    61	   4
3	    62	   4
3	    63	   4
3	    64	   4
3	    65	   4
3	    66	   4
3	    67	   4
3	    68	   4
3	    69	   4
3	    70	   4
3	    71	   4
3	    72	   4
3	    73	   4
3	    74	   4
3	    75	   4
3	    76	   4
3	    77	   4
3	    78	   4
3	    79	   4
3	    80	   4
3	    81	   4
3	    82	   4
3	    83	   4
3	    84	   4
3	    85	   4
3	    86	   4
3	    87	   4
3	    88	   4
3	    89	   4
3	    90	   4
3	    91	   4
3	    92	   4
3	    93	   4
3	    94	   4
3	    95	   4
3	    96	   4
3	    97	   4
3	    98	   4
3	    99	   4
3	    100	   4
3	    101	   4
3	    102	   4
3	    103	   4
3	    104	   4
3	    105	   4
3	    106	   4
3	    107	   4
3	    108	   4
3	    109	   4
3	    110	   4
3	    111	   4
3	    112	   4
3	    113	   4
3	    114	   4
3	    115	   4
3	    116	   4
3	    117	   4
3	    118	   4
3	    119	   4
3	    120	   4
3	    121	   4
3	    122	   4
3	    123	   4
3	    124	   4
3	    125	   4
3	    126	   4
3	    127	   4
3	    128	   4
3	    129	   4
3	    130	   4
3	    131	   4
3	    132	   4
3	    133	   4
3	    134	   4
3	    135	   4
3	    136	   4
3	    137	   4
3	    138	   4
3	    139	   4
3	    140	   4
3	    141	   4
3	    142	   4
3	    143	   4
3	    144	   4
3	    145	   4
3	    146	   4
3	    147	   4
3	    148	   4
3	    149	   4
3	    150	   4
3	    151	   4
3	    152	   4
3	    153	   4
3	    154	   4
3	    155	   4
3	    156	   4
3	    157	   4
3	    158	   4
3	    159	   4
3	    160	   4
3	    161	   4
3	    162	   4
3	    163	   4
3	    164	   4
3	    165	   4
3	    166	   4
3	    167	   4
3	    168	   4
3	    169	   4
3	    170	   4
3	    171	   4
3	    172	   4
3	    173	   4
3	    174	   4
3	    175	   4
3	    176	   4
3	    177	   4
3	    178	   4
3	    179	   4
3	    180	   4
3	    181	   4
3	    182	   4
3	    183	   4
3	    184	   4
3	    185	   4
3	    186	   4
3	    187	   4
3	    188	   4
3	    119	   4
3	    190	   4
3	    191	   4
3	    192	   4
3	    193	   4
3	    194	   4
3	    195	   4
3	    196	   4
3	    197	   4
3	    198	   4
3	    199	   4
3	    200	   4
3	    201	   4
3	    202	   4
3	    203	   4
3	    204	   4
3	    205	   4
3	    206	   4
3	    207	   4
3	    208	   4
3	    209	   4
3	    210	   4
3	    211	   4
3	    212	   4
3	    213	   4
3	    214	   4
3	    215	   4
3	    216	   4
3	    217	   4
3	    218	   4
3	    219	   4
3	    220	   4
3	    221	   4
3	    222	   4
3	    223	   4
3	    224	   4
3	    225	   4
3	    226	   4
3	    227	   4
3	    228	   4
3	    229	   4
3	    230	   4
3	    231	   4
3	    232	   4
3	    233	   4
3	    234	   4
3	    235	   4
3	    236	   4
3	    237	   4
3	    238	   4
3	    239	   4
3	    240	   4
3	    241	   4
3	    242	   4
3	    243	   4
3	    244	   4
3	    245	   4
3	    246	   4
3	    247	   4
3	    248	   4
3	    249	   4
3	    250	   4
3	    251	   4
3	    252	   4
3	    253	   4
3	    254	   4
3	    255	   4
3	    256	   4
3	    257	   4
3	    258	   4
3	    259	   4
3	    260	   4
3	    261	   4
3	    262	   4
3	    263	   4
3	    264	   4
3	    265	   4
3	    266	   4
3	    267	   4
3	    268	   4
3	    269	   4
3	    270	   4
3	    271	   4
3	    272	   4
3	    273	   4
3	    274	   4
3	    275	   4
3	    276	   4
3	    277	   4
3	    278	   4
3	    279	   4
3	    280	   4
3	    281	   4
3	    282	   4
3	    283	   4
3	    284	   4
3	    285	   4
3	    286	   4
3	    287	   4
3	    288	   4
3	    289	   4
3	    290	   4
3	    291	   4
3	    292	   4
3	    293	   4
3	    294	   4
3	    295	   4
3	    296	   4
3	    297	   4
3	    298	   4
3	    299	   4
3	    300	   4
3	    301	   4
3	    302	   4
3	    303	   4
3	    304	   4
3	    305	   4
3	    306	   4
3	    307	   4
3	    308	   4
3	    309	   4
3	    310	   4
3	    311	   4
3	    312	   4
3	    313	   4
3	    314	   4
3	    315	   4
3	    316	   4
3	    317	   4
3	    318	   4
3	    319	   4
3	    320	   4
3	    321	   4
3	    322	   4
3	    323	   4
3	    324	   4
3	    325	   4
3	    326	   4
3	    327	   4
3	    328	   4
3	    329	   4
3	    330	   4
3	    331	   4
3	    332	   4
3	    333	   4
3	    334	   4
3	    335	   4
3	    336	   4
3	    337	   4
3	    338	   4
3	    339	   4
3	    340	   4
3	    341	   4
3	    342	   4
3	    343	   4
3	    344	   4
3	    345	   4
3	    346	   4
3	    347	   4
3	    348	   4
3	    349	   4
3	    350	   4
3	    351	   4
3	    352	   4
3	    353	   4
3	    354	   4
3	    355	   4
3	    356	   4
3	    357	   4
3	    358	   4
3	    359	   4
3	    360	   4
3	    361	   4
3	    362	   4
3	    363	   4
3	    364	   4
3	    365	   4
3	    366	   4
3	    367	   4
3	    368	   4
3	    369	   4
3	    370	   4
3	    371	   4
3	    372	   4
3	    373	   4
3	    374	   4
3	    375	   4
3	    376	   4
3	    377	   4
3	    378	   4
3	    379	   4
3	    380	   4
3	    381	   4
3	    382	   4
3	    383	   4
3	    384	   4
3	    385	   4
3	    386	   4
3	    387	   4
3	    388	   4
3	    389	   4
3	    390	   4
3	    391	   4
3	    392	   4
3	    393	   4
3	    394	   4
3	    395	   4
3	    396	   4
3	    397	   4
3	    398	   4
3	    399	   4
3	    400	   4
3	    401	   4
3	    402	   4
3	    403	   4
3	    404	   4
3	    405	   4
3	    406	   4
3	    407	   4
3	    408	   4
3	    409	   4
3	    410	   4
3	    411	   4
3	    412	   4
3	    413	   4
3	    414	   4
3	    415	   4
3	    416	   4
3	    417	   4
3	    418	   4
3	    419	   4
3	    420	   4
3	    421	   4
3	    422	   4
3	    423	   4
3	    424	   4
3	    425	   4
3	    426	   4
3	    427	   4
3	    428	   4
3	    429	   4
3	    430	   4
3	    431	   4
3	    432	   4
3	    433	   4
3	    434	   4
3	    435	   4
3	    436	   4
3	    437	   4
3	    438	   4
3	    439	   4
3	    440	   4
3	    441	   4
3	    442	   4
3	    443	   4
3	    444	   4
3	    445	   4
3	    446	   4
3	    447	   4
3	    448	   4
3	    449	   4
3	    450	   4
3	    451	   4
3	    452	   4
3	    453	   4
3	    454	   4
3	    455	   4
3	    456	   4
3	    457	   4
3	    458	   4
3	    459	   4
3	    460	   4
3	    461	   4
3	    462	   4
3	    463	   4
3	    464	   4
3	    465	   4
3	    466	   4
3	    467	   4
3	    468	   4
3	    469	   4
3	    470	   4
3	    471	   4
3	    472	   4
3	    473	   4
3	    474	   4
3	    475	   4
3	    476	   4
3	    477	   4
3	    478	   4
3	    479	   4
3	    480	   4
3	    481	   4
3	    482	   4
3	    483	   4
3	    484	   4
3	    485	   4
3	    486	   4
3	    487	   4
3	    488	   4
3	    489	   4
3	    490	   4
3	    491	   4
3	    492	   4
3	    493	   4
3	    494	   4
3	    495	   4
3	    496	   4
3	    497	   4
3	    498	   4
3	    499	   4
3	    500	   4
3	    501	   4
3	    502    4
3	    503	   4
3	    504	   4
3	    505	   4
3	    506	   4
3	    507	   4
3	    508	   4
3	    509	   4
3	    510	   4
3	    511	   4
//--
4	    0	   4
4	    1	   4
4	    2	   4
4	    3	   4
4	    4	   4
4	    5	   4
4	    6	   4
4	    7	   4
4	    8	   4
4	    9	   4
4	    10	   4
4	    11	   4
4	    12	   4
4	    13	   4
4	    14	   4
4	    15	   4
4	    16	   4
4	    17	   4
4	    18	   4
4	    19	   4
4	    20	   4
4	    21	   4
4	    22	   4
4	    23	   4
4	    24	   4
4	    25	   4
4	    26	   4
4	    27	   4
4	    28	   4
4	    29	   4
4	    30	   4
4	    31	   4
4	    32	   4
4	    33	   4
4	    34	   4
4	    35	   4
4	    36	   4
4	    37	   4
4	    38	   4
4	    39	   4
4	    40	   4
4	    41	   4
4	    42	   4
4	    43	   4
4	    44	   4
4	    45	   4
4	    46	   4
4	    47	   4
4	    48	   4
4	    49	   4
4	    50	   4
4	    51	   4
4	    52	   4
4	    53	   4
4	    54	   4
4	    55	   4
4	    56	   4
4	    57	   4
4	    58	   4
4	    59	   4
4	    60	   4
4	    61	   4
4	    62	   4
4	    63	   4
4	    64	   4
4	    65	   4
4	    66	   4
4	    67	   4
4	    68	   4
4	    69	   4
4	    70	   4
4	    71	   4
4	    72	   4
4	    73	   4
4	    74	   4
4	    75	   4
4	    76	   4
4	    77	   4
4	    78	   4
4	    79	   4
4	    80	   4
4	    81	   4
4	    82	   4
4	    83	   4
4	    84	   4
4	    85	   4
4	    86	   4
4	    87	   4
4	    88	   4
4	    89	   4
4	    90	   4
4	    91	   4
4	    92	   4
4	    93	   4
4	    94	   4
4	    95	   4
4	    96	   4
4	    97	   4
4	    98	   4
4	    99	   4
4	    100	   4
4	    101	   4
4	    102	   4
4	    103	   4
4	    104	   4
4	    105	   4
4	    106	   4
4	    107	   4
4	    108	   4
4	    109	   4
4	    110	   4
4	    111	   4
4	    112	   4
4	    113	   4
4	    114	   4
4	    115	   4
4	    116	   4
4	    117	   4
4	    118	   4
4	    119	   4
4	    120	   4
4	    121	   4
4	    122	   4
4	    123	   4
4	    124	   4
4	    125	   4
4	    126	   4
4	    127	   4
4	    128	   4
4	    129	   4
4	    130	   4
4	    131	   4
4	    132	   4
4	    133	   4
4	    134	   4
4	    135	   4
4	    136	   4
4	    137	   4
4	    138	   4
4	    139	   4
4	    140	   4
4	    141	   4
4	    142	   4
4	    143	   4
4	    144	   4
4	    145	   4
4	    146	   4
4	    147	   4
4	    148	   4
4	    149	   4
4	    150	   4
4	    151	   4
4	    152	   4
4	    153	   4
4	    154	   4
4	    155	   4
4	    156	   4
4	    157	   4
4	    158	   4
4	    159	   4
4	    160	   4
4	    161	   4
4	    162	   4
4	    163	   4
4	    164	   4
4	    165	   4
4	    166	   4
4	    167	   4
4	    168	   4
4	    169	   4
4	    170	   4
4	    171	   4
4	    172	   4
4	    173	   4
4	    174	   4
4	    175	   4
4	    176	   4
4	    177	   4
4	    178	   4
4	    179	   4
4	    180	   4
4	    181	   4
4	    182	   4
4	    183	   4
4	    184	   4
4	    185	   4
4	    186	   4
4	    187	   4
4	    188	   4
4	    119	   4
4	    190	   4
4	    191	   4
4	    192	   4
4	    193	   4
4	    194	   4
4	    195	   4
4	    196	   4
4	    197	   4
4	    198	   4
4	    199	   4
4	    200	   4
4	    201	   4
4	    202	   4
4	    203	   4
4	    204	   4
4	    205	   4
4	    206	   4
4	    207	   4
4	    208	   4
4	    209	   4
4	    210	   4
4	    211	   4
4	    212	   4
4	    213	   4
4	    214	   4
4	    215	   4
4	    216	   4
4	    217	   4
4	    218	   4
4	    219	   4
4	    220	   4
4	    221	   4
4	    222	   4
4	    223	   4
4	    224	   4
4	    225	   4
4	    226	   4
4	    227	   4
4	    228	   4
4	    229	   4
4	    230	   4
4	    231	   4
4	    232	   4
4	    233	   4
4	    234	   4
4	    235	   4
4	    236	   4
4	    237	   4
4	    238	   4
4	    239	   4
4	    240	   4
4	    241	   4
4	    242	   4
4	    243	   4
4	    244	   4
4	    245	   4
4	    246	   4
4	    247	   4
4	    248	   4
4	    249	   4
4	    250	   4
4	    251	   4
4	    252	   4
4	    253	   4
4	    254	   4
4	    255	   4
4	    256	   4
4	    257	   4
4	    258	   4
4	    259	   4
4	    260	   4
4	    261	   4
4	    262	   4
4	    263	   4
4	    264	   4
4	    265	   4
4	    266	   4
4	    267	   4
4	    268	   4
4	    269	   4
4	    270	   4
4	    271	   4
4	    272	   4
4	    273	   4
4	    274	   4
4	    275	   4
4	    276	   4
4	    277	   4
4	    278	   4
4	    279	   4
4	    280	   4
4	    281	   4
4	    282	   4
4	    283	   4
4	    284	   4
4	    285	   4
4	    286	   4
4	    287	   4
4	    288	   4
4	    289	   4
4	    290	   4
4	    291	   4
4	    292	   4
4	    293	   4
4	    294	   4
4	    295	   4
4	    296	   4
4	    297	   4
4	    298	   4
4	    299	   4
4	    300	   4
4	    301	   4
4	    302	   4
4	    303	   4
4	    304	   4
4	    305	   4
4	    306	   4
4	    307	   4
4	    308	   4
4	    309	   4
4	    310	   4
4	    311	   4
4	    312	   4
4	    313	   4
4	    314	   4
4	    315	   4
4	    316	   4
4	    317	   4
4	    318	   4
4	    319	   4
4	    320	   4
4	    321	   4
4	    322	   4
4	    323	   4
4	    324	   4
4	    325	   4
4	    326	   4
4	    327	   4
4	    328	   4
4	    329	   4
4	    330	   4
4	    331	   4
4	    332	   4
4	    333	   4
4	    334	   4
4	    335	   4
4	    336	   4
4	    337	   4
4	    338	   4
4	    339	   4
4	    340	   4
4	    341	   4
4	    342	   4
4	    343	   4
4	    344	   4
4	    345	   4
4	    346	   4
4	    347	   4
4	    348	   4
4	    349	   4
4	    350	   4
4	    351	   4
4	    352	   4
4	    353	   4
4	    354	   4
4	    355	   4
4	    356	   4
4	    357	   4
4	    358	   4
4	    359	   4
4	    360	   4
4	    361	   4
4	    362	   4
4	    363	   4
4	    364	   4
4	    365	   4
4	    366	   4
4	    367	   4
4	    368	   4
4	    369	   4
4	    370	   4
4	    371	   4
4	    372	   4
4	    373	   4
4	    374	   4
4	    375	   4
4	    376	   4
4	    377	   4
4	    378	   4
4	    379	   4
4	    380	   4
4	    381	   4
4	    382	   4
4	    383	   4
4	    384	   4
4	    385	   4
4	    386	   4
4	    387	   4
4	    388	   4
4	    389	   4
4	    390	   4
4	    391	   4
4	    392	   4
4	    393	   4
4	    394	   4
4	    395	   4
4	    396	   4
4	    397	   4
4	    398	   4
4	    399	   4
4	    400	   4
4	    401	   4
4	    402	   4
4	    403	   4
4	    404	   4
4	    405	   4
4	    406	   4
4	    407	   4
4	    408	   4
4	    409	   4
4	    410	   4
4	    411	   4
4	    412	   4
4	    413	   4
4	    414	   4
4	    415	   4
4	    416	   4
4	    417	   4
4	    418	   4
4	    419	   4
4	    420	   4
4	    421	   4
4	    422	   4
4	    423	   4
4	    424	   4
4	    425	   4
4	    426	   4
4	    427	   4
4	    428	   4
4	    429	   4
4	    430	   4
4	    431	   4
4	    432	   4
4	    433	   4
4	    434	   4
4	    435	   4
4	    436	   4
4	    437	   4
4	    438	   4
4	    439	   4
4	    440	   4
4	    441	   4
4	    442	   4
4	    443	   4
4	    444	   4
4	    445	   4
4	    446	   4
4	    447	   4
4	    448	   4
4	    449	   4
4	    450	   4
4	    451	   4
4	    452	   4
4	    453	   4
4	    454	   4
4	    455	   4
4	    456	   4
4	    457	   4
4	    458	   4
4	    459	   4
4	    460	   4
4	    461	   4
4	    462	   4
4	    463	   4
4	    464	   4
4	    465	   4
4	    466	   4
4	    467	   4
4	    468	   4
4	    469	   4
4	    470	   4
4	    471	   4
4	    472	   4
4	    473	   4
4	    474	   4
4	    475	   4
4	    476	   4
4	    477	   4
4	    478	   4
4	    479	   4
4	    480	   4
4	    481	   4
4	    482	   4
4	    483	   4
4	    484	   4
4	    485	   4
4	    486	   4
4	    487	   4
4	    488	   4
4	    489	   4
4	    490	   4
4	    491	   4
4	    492	   4
4	    493	   4
4	    494	   4
4	    495	   4
4	    496	   4
4	    497	   4
4	    498	   4
4	    499	   4
4	    500	   4
4	    501	   4
4	    502    4
4	    503	   4
4	    504	   4
4	    505	   4
4	    506	   4
4	    507	   4
4	    508	   4
4	    509	   4
4	    510	   4
4	    511	   4
//--
5	    0	   4
5	    1	   4
5	    2	   4
5	    3	   4
5	    4	   4
5	    5	   4
5	    6	   4
5	    7	   4
5	    8	   4
5	    9	   4
5	    10	   4
5	    11	   4
5	    12	   4
5	    13	   4
5	    14	   4
5	    15	   4
5	    16	   4
5	    17	   4
5	    18	   4
5	    19	   4
5	    20	   4
5	    21	   4
5	    22	   4
5	    23	   4
5	    24	   4
5	    25	   4
5	    26	   4
5	    27	   4
5	    28	   4
5	    29	   4
5	    30	   4
5	    31	   4
5	    32	   4
5	    33	   4
5	    34	   4
5	    35	   4
5	    36	   4
5	    37	   4
5	    38	   4
5	    39	   4
5	    40	   4
5	    41	   4
5	    42	   4
5	    43	   4
5	    44	   4
5	    45	   4
5	    46	   4
5	    47	   4
5	    48	   4
5	    49	   4
5	    50	   4
5	    51	   4
5	    52	   4
5	    53	   4
5	    54	   4
5	    55	   4
5	    56	   4
5	    57	   4
5	    58	   4
5	    59	   4
5	    60	   4
5	    61	   4
5	    62	   4
5	    63	   4
5	    64	   4
5	    65	   4
5	    66	   4
5	    67	   4
5	    68	   4
5	    69	   4
5	    70	   4
5	    71	   4
5	    72	   4
5	    73	   4
5	    74	   4
5	    75	   4
5	    76	   4
5	    77	   4
5	    78	   4
5	    79	   4
5	    80	   4
5	    81	   4
5	    82	   4
5	    83	   4
5	    84	   4
5	    85	   4
5	    86	   4
5	    87	   4
5	    88	   4
5	    89	   4
5	    90	   4
5	    91	   4
5	    92	   4
5	    93	   4
5	    94	   4
5	    95	   4
5	    96	   4
5	    97	   4
5	    98	   4
5	    99	   4
5	    100	   4
5	    101	   4
5	    102	   4
5	    103	   4
5	    104	   4
5	    105	   4
5	    106	   4
5	    107	   4
5	    108	   4
5	    109	   4
5	    110	   4
5	    111	   4
5	    112	   4
5	    113	   4
5	    114	   4
5	    115	   4
5	    116	   4
5	    117	   4
5	    118	   4
5	    119	   4
5	    120	   4
5	    121	   4
5	    122	   4
5	    123	   4
5	    124	   4
5	    125	   4
5	    126	   4
5	    127	   4
5	    128	   4
5	    129	   4
5	    130	   4
5	    131	   4
5	    132	   4
5	    133	   4
5	    134	   4
5	    135	   4
5	    136	   4
5	    137	   4
5	    138	   4
5	    139	   4
5	    140	   4
5	    141	   4
5	    142	   4
5	    143	   4
5	    144	   4
5	    145	   4
5	    146	   4
5	    147	   4
5	    148	   4
5	    149	   4
5	    150	   4
5	    151	   4
5	    152	   4
5	    153	   4
5	    154	   4
5	    155	   4
5	    156	   4
5	    157	   4
5	    158	   4
5	    159	   4
5	    160	   4
5	    161	   4
5	    162	   4
5	    163	   4
5	    164	   4
5	    165	   4
5	    166	   4
5	    167	   4
5	    168	   4
5	    169	   4
5	    170	   4
5	    171	   4
5	    172	   4
5	    173	   4
5	    174	   4
5	    175	   4
5	    176	   4
5	    177	   4
5	    178	   4
5	    179	   4
5	    180	   4
5	    181	   4
5	    182	   4
5	    183	   4
5	    184	   4
5	    185	   4
5	    186	   4
5	    187	   4
5	    188	   4
5	    119	   4
5	    190	   4
5	    191	   4
5	    192	   4
5	    193	   4
5	    194	   4
5	    195	   4
5	    196	   4
5	    197	   4
5	    198	   4
5	    199	   4
5	    200	   4
5	    201	   4
5	    202	   4
5	    203	   4
5	    204	   4
5	    205	   4
5	    206	   4
5	    207	   4
5	    208	   4
5	    209	   4
5	    210	   4
5	    211	   4
5	    212	   4
5	    213	   4
5	    214	   4
5	    215	   4
5	    216	   4
5	    217	   4
5	    218	   4
5	    219	   4
5	    220	   4
5	    221	   4
5	    222	   4
5	    223	   4
5	    224	   4
5	    225	   4
5	    226	   4
5	    227	   4
5	    228	   4
5	    229	   4
5	    230	   4
5	    231	   4
5	    232	   4
5	    233	   4
5	    234	   4
5	    235	   4
5	    236	   4
5	    237	   4
5	    238	   4
5	    239	   4
5	    240	   4
5	    241	   4
5	    242	   4
5	    243	   4
5	    244	   4
5	    245	   4
5	    246	   4
5	    247	   4
5	    248	   4
5	    249	   4
5	    250	   4
5	    251	   4
5	    252	   4
5	    253	   4
5	    254	   4
5	    255	   4
5	    256	   4
5	    257	   4
5	    258	   4
5	    259	   4
5	    260	   4
5	    261	   4
5	    262	   4
5	    263	   4
5	    264	   4
5	    265	   4
5	    266	   4
5	    267	   4
5	    268	   4
5	    269	   4
5	    270	   4
5	    271	   4
5	    272	   4
5	    273	   4
5	    274	   4
5	    275	   4
5	    276	   4
5	    277	   4
5	    278	   4
5	    279	   4
5	    280	   4
5	    281	   4
5	    282	   4
5	    283	   4
5	    284	   4
5	    285	   4
5	    286	   4
5	    287	   4
5	    288	   4
5	    289	   4
5	    290	   4
5	    291	   4
5	    292	   4
5	    293	   4
5	    294	   4
5	    295	   4
5	    296	   4
5	    297	   4
5	    298	   4
5	    299	   4
5	    300	   4
5	    301	   4
5	    302	   4
5	    303	   4
5	    304	   4
5	    305	   4
5	    306	   4
5	    307	   4
5	    308	   4
5	    309	   4
5	    310	   4
5	    311	   4
5	    312	   4
5	    313	   4
5	    314	   4
5	    315	   4
5	    316	   4
5	    317	   4
5	    318	   4
5	    319	   4
5	    320	   4
5	    321	   4
5	    322	   4
5	    323	   4
5	    324	   4
5	    325	   4
5	    326	   4
5	    327	   4
5	    328	   4
5	    329	   4
5	    330	   4
5	    331	   4
5	    332	   4
5	    333	   4
5	    334	   4
5	    335	   4
5	    336	   4
5	    337	   4
5	    338	   4
5	    339	   4
5	    340	   4
5	    341	   4
5	    342	   4
5	    343	   4
5	    344	   4
5	    345	   4
5	    346	   4
5	    347	   4
5	    348	   4
5	    349	   4
5	    350	   4
5	    351	   4
5	    352	   4
5	    353	   4
5	    354	   4
5	    355	   4
5	    356	   4
5	    357	   4
5	    358	   4
5	    359	   4
5	    360	   4
5	    361	   4
5	    362	   4
5	    363	   4
5	    364	   4
5	    365	   4
5	    366	   4
5	    367	   4
5	    368	   4
5	    369	   4
5	    370	   4
5	    371	   4
5	    372	   4
5	    373	   4
5	    374	   4
5	    375	   4
5	    376	   4
5	    377	   4
5	    378	   4
5	    379	   4
5	    380	   4
5	    381	   4
5	    382	   4
5	    383	   4
5	    384	   4
5	    385	   4
5	    386	   4
5	    387	   4
5	    388	   4
5	    389	   4
5	    390	   4
5	    391	   4
5	    392	   4
5	    393	   4
5	    394	   4
5	    395	   4
5	    396	   4
5	    397	   4
5	    398	   4
5	    399	   4
5	    400	   4
5	    401	   4
5	    402	   4
5	    403	   4
5	    404	   4
5	    405	   4
5	    406	   4
5	    407	   4
5	    408	   4
5	    409	   4
5	    410	   4
5	    411	   4
5	    412	   4
5	    413	   4
5	    414	   4
5	    415	   4
5	    416	   4
5	    417	   4
5	    418	   4
5	    419	   4
5	    420	   4
5	    421	   4
5	    422	   4
5	    423	   4
5	    424	   4
5	    425	   4
5	    426	   4
5	    427	   4
5	    428	   4
5	    429	   4
5	    430	   4
5	    431	   4
5	    432	   4
5	    433	   4
5	    434	   4
5	    435	   4
5	    436	   4
5	    437	   4
5	    438	   4
5	    439	   4
5	    440	   4
5	    441	   4
5	    442	   4
5	    443	   4
5	    444	   4
5	    445	   4
5	    446	   4
5	    447	   4
5	    448	   4
5	    449	   4
5	    450	   4
5	    451	   4
5	    452	   4
5	    453	   4
5	    454	   4
5	    455	   4
5	    456	   4
5	    457	   4
5	    458	   4
5	    459	   4
5	    460	   4
5	    461	   4
5	    462	   4
5	    463	   4
5	    464	   4
5	    465	   4
5	    466	   4
5	    467	   4
5	    468	   4
5	    469	   4
5	    470	   4
5	    471	   4
5	    472	   4
5	    473	   4
5	    474	   4
5	    475	   4
5	    476	   4
5	    477	   4
5	    478	   4
5	    479	   4
5	    480	   4
5	    481	   4
5	    482	   4
5	    483	   4
5	    484	   4
5	    485	   4
5	    486	   4
5	    487	   4
5	    488	   4
5	    489	   4
5	    490	   4
5	    491	   4
5	    492	   4
5	    493	   4
5	    494	   4
5	    495	   4
5	    496	   4
5	    497	   4
5	    498	   4
5	    499	   4
5	    500	   4
5	    501	   4
5	    502    4
5	    503	   4
5	    504	   4
5	    505	   4
5	    506	   4
5	    507	   4
5	    508	   4
5	    509	   4
5	    510	   4
5	    511	   4
//--
6	    0	   4
6	    1	   4
6	    2	   4
6	    3	   4
6	    4	   4
6	    5	   4
6	    6	   4
6	    7	   4
6	    8	   4
6	    9	   4
6	    10	   4
6	    11	   4
6	    12	   4
6	    13	   4
6	    14	   4
6	    15	   4
6	    16	   4
6	    17	   4
6	    18	   4
6	    19	   4
6	    20	   4
6	    21	   4
6	    22	   4
6	    23	   4
6	    24	   4
6	    25	   4
6	    26	   4
6	    27	   4
6	    28	   4
6	    29	   4
6	    30	   4
6	    31	   4
6	    32	   4
6	    33	   4
6	    34	   4
6	    35	   4
6	    36	   4
6	    37	   4
6	    38	   4
6	    39	   4
6	    40	   4
6	    41	   4
6	    42	   4
6	    43	   4
6	    44	   4
6	    45	   4
6	    46	   4
6	    47	   4
6	    48	   4
6	    49	   4
6	    50	   4
6	    51	   4
6	    52	   4
6	    53	   4
6	    54	   4
6	    55	   4
6	    56	   4
6	    57	   4
6	    58	   4
6	    59	   4
6	    60	   4
6	    61	   4
6	    62	   4
6	    63	   4
6	    64	   4
6	    65	   4
6	    66	   4
6	    67	   4
6	    68	   4
6	    69	   4
6	    70	   4
6	    71	   4
6	    72	   4
6	    73	   4
6	    74	   4
6	    75	   4
6	    76	   4
6	    77	   4
6	    78	   4
6	    79	   4
6	    80	   4
6	    81	   4
6	    82	   4
6	    83	   4
6	    84	   4
6	    85	   4
6	    86	   4
6	    87	   4
6	    88	   4
6	    89	   4
6	    90	   4
6	    91	   4
6	    92	   4
6	    93	   4
6	    94	   4
6	    95	   4
6	    96	   4
6	    97	   4
6	    98	   4
6	    99	   4
6	    100	   4
6	    101	   4
6	    102	   4
6	    103	   4
6	    104	   4
6	    105	   4
6	    106	   4
6	    107	   4
6	    108	   4
6	    109	   4
6	    110	   4
6	    111	   4
6	    112	   4
6	    113	   4
6	    114	   4
6	    115	   4
6	    116	   4
6	    117	   4
6	    118	   4
6	    119	   4
6	    120	   4
6	    121	   4
6	    122	   4
6	    123	   4
6	    124	   4
6	    125	   4
6	    126	   4
6	    127	   4
6	    128	   4
6	    129	   4
6	    130	   4
6	    131	   4
6	    132	   4
6	    133	   4
6	    134	   4
6	    135	   4
6	    136	   4
6	    137	   4
6	    138	   4
6	    139	   4
6	    140	   4
6	    141	   4
6	    142	   4
6	    143	   4
6	    144	   4
6	    145	   4
6	    146	   4
6	    147	   4
6	    148	   4
6	    149	   4
6	    150	   4
6	    151	   4
6	    152	   4
6	    153	   4
6	    154	   4
6	    155	   4
6	    156	   4
6	    157	   4
6	    158	   4
6	    159	   4
6	    160	   4
6	    161	   4
6	    162	   4
6	    163	   4
6	    164	   4
6	    165	   4
6	    166	   4
6	    167	   4
6	    168	   4
6	    169	   4
6	    170	   4
6	    171	   4
6	    172	   4
6	    173	   4
6	    174	   4
6	    175	   4
6	    176	   4
6	    177	   4
6	    178	   4
6	    179	   4
6	    180	   4
6	    181	   4
6	    182	   4
6	    183	   4
6	    184	   4
6	    185	   4
6	    186	   4
6	    187	   4
6	    188	   4
6	    119	   4
6	    190	   4
6	    191	   4
6	    192	   4
6	    193	   4
6	    194	   4
6	    195	   4
6	    196	   4
6	    197	   4
6	    198	   4
6	    199	   4
6	    200	   4
6	    201	   4
6	    202	   4
6	    203	   4
6	    204	   4
6	    205	   4
6	    206	   4
6	    207	   4
6	    208	   4
6	    209	   4
6	    210	   4
6	    211	   4
6	    212	   4
6	    213	   4
6	    214	   4
6	    215	   4
6	    216	   4
6	    217	   4
6	    218	   4
6	    219	   4
6	    220	   4
6	    221	   4
6	    222	   4
6	    223	   4
6	    224	   4
6	    225	   4
6	    226	   4
6	    227	   4
6	    228	   4
6	    229	   4
6	    230	   4
6	    231	   4
6	    232	   4
6	    233	   4
6	    234	   4
6	    235	   4
6	    236	   4
6	    237	   4
6	    238	   4
6	    239	   4
6	    240	   4
6	    241	   4
6	    242	   4
6	    243	   4
6	    244	   4
6	    245	   4
6	    246	   4
6	    247	   4
6	    248	   4
6	    249	   4
6	    250	   4
6	    251	   4
6	    252	   4
6	    253	   4
6	    254	   4
6	    255	   4
6	    256	   4
6	    257	   4
6	    258	   4
6	    259	   4
6	    260	   4
6	    261	   4
6	    262	   4
6	    263	   4
6	    264	   4
6	    265	   4
6	    266	   4
6	    267	   4
6	    268	   4
6	    269	   4
6	    270	   4
6	    271	   4
6	    272	   4
6	    273	   4
6	    274	   4
6	    275	   4
6	    276	   4
6	    277	   4
6	    278	   4
6	    279	   4
6	    280	   4
6	    281	   4
6	    282	   4
6	    283	   4
6	    284	   4
6	    285	   4
6	    286	   4
6	    287	   4
6	    288	   4
6	    289	   4
6	    290	   4
6	    291	   4
6	    292	   4
6	    293	   4
6	    294	   4
6	    295	   4
6	    296	   4
6	    297	   4
6	    298	   4
6	    299	   4
6	    300	   4
6	    301	   4
6	    302	   4
6	    303	   4
6	    304	   4
6	    305	   4
6	    306	   4
6	    307	   4
6	    308	   4
6	    309	   4
6	    310	   4
6	    311	   4
6	    312	   4
6	    313	   4
6	    314	   4
6	    315	   4
6	    316	   4
6	    317	   4
6	    318	   4
6	    319	   4
6	    320	   4
6	    321	   4
6	    322	   4
6	    323	   4
6	    324	   4
6	    325	   4
6	    326	   4
6	    327	   4
6	    328	   4
6	    329	   4
6	    330	   4
6	    331	   4
6	    332	   4
6	    333	   4
6	    334	   4
6	    335	   4
6	    336	   4
6	    337	   4
6	    338	   4
6	    339	   4
6	    340	   4
6	    341	   4
6	    342	   4
6	    343	   4
6	    344	   4
6	    345	   4
6	    346	   4
6	    347	   4
6	    348	   4
6	    349	   4
6	    350	   4
6	    351	   4
6	    352	   4
6	    353	   4
6	    354	   4
6	    355	   4
6	    356	   4
6	    357	   4
6	    358	   4
6	    359	   4
6	    360	   4
6	    361	   4
6	    362	   4
6	    363	   4
6	    364	   4
6	    365	   4
6	    366	   4
6	    367	   4
6	    368	   4
6	    369	   4
6	    370	   4
6	    371	   4
6	    372	   4
6	    373	   4
6	    374	   4
6	    375	   4
6	    376	   4
6	    377	   4
6	    378	   4
6	    379	   4
6	    380	   4
6	    381	   4
6	    382	   4
6	    383	   4
6	    384	   4
6	    385	   4
6	    386	   4
6	    387	   4
6	    388	   4
6	    389	   4
6	    390	   4
6	    391	   4
6	    392	   4
6	    393	   4
6	    394	   4
6	    395	   4
6	    396	   4
6	    397	   4
6	    398	   4
6	    399	   4
6	    400	   4
6	    401	   4
6	    402	   4
6	    403	   4
6	    404	   4
6	    405	   4
6	    406	   4
6	    407	   4
6	    408	   4
6	    409	   4
6	    410	   4
6	    411	   4
6	    412	   4
6	    413	   4
6	    414	   4
6	    415	   4
6	    416	   4
6	    417	   4
6	    418	   4
6	    419	   4
6	    420	   4
6	    421	   4
6	    422	   4
6	    423	   4
6	    424	   4
6	    425	   4
6	    426	   4
6	    427	   4
6	    428	   4
6	    429	   4
6	    430	   4
6	    431	   4
6	    432	   4
6	    433	   4
6	    434	   4
6	    435	   4
6	    436	   4
6	    437	   4
6	    438	   4
6	    439	   4
6	    440	   4
6	    441	   4
6	    442	   4
6	    443	   4
6	    444	   4
6	    445	   4
6	    446	   4
6	    447	   4
6	    448	   4
6	    449	   4
6	    450	   4
6	    451	   4
6	    452	   4
6	    453	   4
6	    454	   4
6	    455	   4
6	    456	   4
6	    457	   4
6	    458	   4
6	    459	   4
6	    460	   4
6	    461	   4
6	    462	   4
6	    463	   4
6	    464	   4
6	    465	   4
6	    466	   4
6	    467	   4
6	    468	   4
6	    469	   4
6	    470	   4
6	    471	   4
6	    472	   4
6	    473	   4
6	    474	   4
6	    475	   4
6	    476	   4
6	    477	   4
6	    478	   4
6	    479	   4
6	    480	   4
6	    481	   4
6	    482	   4
6	    483	   4
6	    484	   4
6	    485	   4
6	    486	   4
6	    487	   4
6	    488	   4
6	    489	   4
6	    490	   4
6	    491	   4
6	    492	   4
6	    493	   4
6	    494	   4
6	    495	   4
6	    496	   4
6	    497	   4
6	    498	   4
6	    499	   4
6	    500	   4
6	    501	   4
6	    502    4
6	    503	   4
6	    504	   4
6	    505	   4
6	    506	   4
6	    507	   4
6	    508	   4
6	    509	   4
6	    510	   4
6	    511	   4
//--
7	    0	   4
7	    1	   4
7	    2	   4
7	    3	   4
7	    4	   4
7	    5	   4
7	    6	   4
7	    7	   4
7	    8	   4
7	    9	   4
7	    10	   4
7	    11	   4
7	    12	   4
7	    13	   4
7	    14	   4
7	    15	   4
7	    16	   4
7	    17	   4
7	    18	   4
7	    19	   4
7	    20	   4
7	    21	   4
7	    22	   4
7	    23	   4
7	    24	   4
7	    25	   4
7	    26	   4
7	    27	   4
7	    28	   4
7	    29	   4
7	    30	   4
7	    31	   4
7	    32	   4
7	    33	   4
7	    34	   4
7	    35	   4
7	    36	   4
7	    37	   4
7	    38	   4
7	    39	   4
7	    40	   4
7	    41	   4
7	    42	   4
7	    43	   4
7	    44	   4
7	    45	   4
7	    46	   4
7	    47	   4
7	    48	   4
7	    49	   4
7	    50	   4
7	    51	   4
7	    52	   4
7	    53	   4
7	    54	   4
7	    55	   4
7	    56	   4
7	    57	   4
7	    58	   4
7	    59	   4
7	    60	   4
7	    61	   4
7	    62	   4
7	    63	   4
7	    64	   4
7	    65	   4
7	    66	   4
7	    67	   4
7	    68	   4
7	    69	   4
7	    70	   4
7	    71	   4
7	    72	   4
7	    73	   4
7	    74	   4
7	    75	   4
7	    76	   4
7	    77	   4
7	    78	   4
7	    79	   4
7	    80	   4
7	    81	   4
7	    82	   4
7	    83	   4
7	    84	   4
7	    85	   4
7	    86	   4
7	    87	   4
7	    88	   4
7	    89	   4
7	    90	   4
7	    91	   4
7	    92	   4
7	    93	   4
7	    94	   4
7	    95	   4
7	    96	   4
7	    97	   4
7	    98	   4
7	    99	   4
7	    100	   4
7	    101	   4
7	    102	   4
7	    103	   4
7	    104	   4
7	    105	   4
7	    106	   4
7	    107	   4
7	    108	   4
7	    109	   4
7	    110	   4
7	    111	   4
7	    112	   4
7	    113	   4
7	    114	   4
7	    115	   4
7	    116	   4
7	    117	   4
7	    118	   4
7	    119	   4
7	    120	   4
7	    121	   4
7	    122	   4
7	    123	   4
7	    124	   4
7	    125	   4
7	    126	   4
7	    127	   4
7	    128	   4
7	    129	   4
7	    130	   4
7	    131	   4
7	    132	   4
7	    133	   4
7	    134	   4
7	    135	   4
7	    136	   4
7	    137	   4
7	    138	   4
7	    139	   4
7	    140	   4
7	    141	   4
7	    142	   4
7	    143	   4
7	    144	   4
7	    145	   4
7	    146	   4
7	    147	   4
7	    148	   4
7	    149	   4
7	    150	   4
7	    151	   4
7	    152	   4
7	    153	   4
7	    154	   4
7	    155	   4
7	    156	   4
7	    157	   4
7	    158	   4
7	    159	   4
7	    160	   4
7	    161	   4
7	    162	   4
7	    163	   4
7	    164	   4
7	    165	   4
7	    166	   4
7	    167	   4
7	    168	   4
7	    169	   4
7	    170	   4
7	    171	   4
7	    172	   4
7	    173	   4
7	    174	   4
7	    175	   4
7	    176	   4
7	    177	   4
7	    178	   4
7	    179	   4
7	    180	   4
7	    181	   4
7	    182	   4
7	    183	   4
7	    184	   4
7	    185	   4
7	    186	   4
7	    187	   4
7	    188	   4
7	    119	   4
7	    190	   4
7	    191	   4
7	    192	   4
7	    193	   4
7	    194	   4
7	    195	   4
7	    196	   4
7	    197	   4
7	    198	   4
7	    199	   4
7	    200	   4
7	    201	   4
7	    202	   4
7	    203	   4
7	    204	   4
7	    205	   4
7	    206	   4
7	    207	   4
7	    208	   4
7	    209	   4
7	    210	   4
7	    211	   4
7	    212	   4
7	    213	   4
7	    214	   4
7	    215	   4
7	    216	   4
7	    217	   4
7	    218	   4
7	    219	   4
7	    220	   4
7	    221	   4
7	    222	   4
7	    223	   4
7	    224	   4
7	    225	   4
7	    226	   4
7	    227	   4
7	    228	   4
7	    229	   4
7	    230	   4
7	    231	   4
7	    232	   4
7	    233	   4
7	    234	   4
7	    235	   4
7	    236	   4
7	    237	   4
7	    238	   4
7	    239	   4
7	    240	   4
7	    241	   4
7	    242	   4
7	    243	   4
7	    244	   4
7	    245	   4
7	    246	   4
7	    247	   4
7	    248	   4
7	    249	   4
7	    250	   4
7	    251	   4
7	    252	   4
7	    253	   4
7	    254	   4
7	    255	   4
7	    256	   4
7	    257	   4
7	    258	   4
7	    259	   4
7	    260	   4
7	    261	   4
7	    262	   4
7	    263	   4
7	    264	   4
7	    265	   4
7	    266	   4
7	    267	   4
7	    268	   4
7	    269	   4
7	    270	   4
7	    271	   4
7	    272	   4
7	    273	   4
7	    274	   4
7	    275	   4
7	    276	   4
7	    277	   4
7	    278	   4
7	    279	   4
7	    280	   4
7	    281	   4
7	    282	   4
7	    283	   4
7	    284	   4
7	    285	   4
7	    286	   4
7	    287	   4
7	    288	   4
7	    289	   4
7	    290	   4
7	    291	   4
7	    292	   4
7	    293	   4
7	    294	   4
7	    295	   4
7	    296	   4
7	    297	   4
7	    298	   4
7	    299	   4
7	    300	   4
7	    301	   4
7	    302	   4
7	    303	   4
7	    304	   4
7	    305	   4
7	    306	   4
7	    307	   4
7	    308	   4
7	    309	   4
7	    310	   4
7	    311	   4
7	    312	   4
7	    313	   4
7	    314	   4
7	    315	   4
7	    316	   4
7	    317	   4
7	    318	   4
7	    319	   4
7	    320	   4
7	    321	   4
7	    322	   4
7	    323	   4
7	    324	   4
7	    325	   4
7	    326	   4
7	    327	   4
7	    328	   4
7	    329	   4
7	    330	   4
7	    331	   4
7	    332	   4
7	    333	   4
7	    334	   4
7	    335	   4
7	    336	   4
7	    337	   4
7	    338	   4
7	    339	   4
7	    340	   4
7	    341	   4
7	    342	   4
7	    343	   4
7	    344	   4
7	    345	   4
7	    346	   4
7	    347	   4
7	    348	   4
7	    349	   4
7	    350	   4
7	    351	   4
7	    352	   4
7	    353	   4
7	    354	   4
7	    355	   4
7	    356	   4
7	    357	   4
7	    358	   4
7	    359	   4
7	    360	   4
7	    361	   4
7	    362	   4
7	    363	   4
7	    364	   4
7	    365	   4
7	    366	   4
7	    367	   4
7	    368	   4
7	    369	   4
7	    370	   4
7	    371	   4
7	    372	   4
7	    373	   4
7	    374	   4
7	    375	   4
7	    376	   4
7	    377	   4
7	    378	   4
7	    379	   4
7	    380	   4
7	    381	   4
7	    382	   4
7	    383	   4
7	    384	   4
7	    385	   4
7	    386	   4
7	    387	   4
7	    388	   4
7	    389	   4
7	    390	   4
7	    391	   4
7	    392	   4
7	    393	   4
7	    394	   4
7	    395	   4
7	    396	   4
7	    397	   4
7	    398	   4
7	    399	   4
7	    400	   4
7	    401	   4
7	    402	   4
7	    403	   4
7	    404	   4
7	    405	   4
7	    406	   4
7	    407	   4
7	    408	   4
7	    409	   4
7	    410	   4
7	    411	   4
7	    412	   4
7	    413	   4
7	    414	   4
7	    415	   4
7	    416	   4
7	    417	   4
7	    418	   4
7	    419	   4
7	    420	   4
7	    421	   4
7	    422	   4
7	    423	   4
7	    424	   4
7	    425	   4
7	    426	   4
7	    427	   4
7	    428	   4
7	    429	   4
7	    430	   4
7	    431	   4
7	    432	   4
7	    433	   4
7	    434	   4
7	    435	   4
7	    436	   4
7	    437	   4
7	    438	   4
7	    439	   4
7	    440	   4
7	    441	   4
7	    442	   4
7	    443	   4
7	    444	   4
7	    445	   4
7	    446	   4
7	    447	   4
7	    448	   4
7	    449	   4
7	    450	   4
7	    451	   4
7	    452	   4
7	    453	   4
7	    454	   4
7	    455	   4
7	    456	   4
7	    457	   4
7	    458	   4
7	    459	   4
7	    460	   4
7	    461	   4
7	    462	   4
7	    463	   4
7	    464	   4
7	    465	   4
7	    466	   4
7	    467	   4
7	    468	   4
7	    469	   4
7	    470	   4
7	    471	   4
7	    472	   4
7	    473	   4
7	    474	   4
7	    475	   4
7	    476	   4
7	    477	   4
7	    478	   4
7	    479	   4
7	    480	   4
7	    481	   4
7	    482	   4
7	    483	   4
7	    484	   4
7	    485	   4
7	    486	   4
7	    487	   4
7	    488	   4
7	    489	   4
7	    490	   4
7	    491	   4
7	    492	   4
7	    493	   4
7	    494	   4
7	    495	   4
7	    496	   4
7	    497	   4
7	    498	   4
7	    499	   4
7	    500	   4
7	    501	   4
7	    502    4
7	    503	   4
7	    504	   4
7	    505	   4
7	    506	   4
7	    507	   4
7	    508	   4
7	    509	   4
7	    510	   4
7	    511	   4
//--
8	    0	   4
8	    1	   4
8	    2	   4
8	    3	   4
8	    4	   4
8	    5	   4
8	    6	   4
8	    7	   4
8	    8	   4
8	    9	   4
8	    10	   4
8	    11	   4
8	    12	   4
8	    13	   4
8	    14	   4
8	    15	   4
8	    16	   4
8	    17	   4
8	    18	   4
8	    19	   4
8	    20	   4
8	    21	   4
8	    22	   4
8	    23	   4
8	    24	   4
8	    25	   4
8	    26	   4
8	    27	   4
8	    28	   4
8	    29	   4
8	    30	   4
8	    31	   4
8	    32	   4
8	    33	   4
8	    34	   4
8	    35	   4
8	    36	   4
8	    37	   4
8	    38	   4
8	    39	   4
8	    40	   4
8	    41	   4
8	    42	   4
8	    43	   4
8	    44	   4
8	    45	   4
8	    46	   4
8	    47	   4
8	    48	   4
8	    49	   4
8	    50	   4
8	    51	   4
8	    52	   4
8	    53	   4
8	    54	   4
8	    55	   4
8	    56	   4
8	    57	   4
8	    58	   4
8	    59	   4
8	    60	   4
8	    61	   4
8	    62	   4
8	    63	   4
8	    64	   4
8	    65	   4
8	    66	   4
8	    67	   4
8	    68	   4
8	    69	   4
8	    70	   4
8	    71	   4
8	    72	   4
8	    73	   4
8	    74	   4
8	    75	   4
8	    76	   4
8	    77	   4
8	    78	   4
8	    79	   4
8	    80	   4
8	    81	   4
8	    82	   4
8	    83	   4
8	    84	   4
8	    85	   4
8	    86	   4
8	    87	   4
8	    88	   4
8	    89	   4
8	    90	   4
8	    91	   4
8	    92	   4
8	    93	   4
8	    94	   4
8	    95	   4
8	    96	   4
8	    97	   4
8	    98	   4
8	    99	   4
8	    100	   4
8	    101	   4
8	    102	   4
8	    103	   4
8	    104	   4
8	    105	   4
8	    106	   4
8	    107	   4
8	    108	   4
8	    109	   4
8	    110	   4
8	    111	   4
8	    112	   4
8	    113	   4
8	    114	   4
8	    115	   4
8	    116	   4
8	    117	   4
8	    118	   4
8	    119	   4
8	    120	   4
8	    121	   4
8	    122	   4
8	    123	   4
8	    124	   4
8	    125	   4
8	    126	   4
8	    127	   4
8	    128	   4
8	    129	   4
8	    130	   4
8	    131	   4
8	    132	   4
8	    133	   4
8	    134	   4
8	    135	   4
8	    136	   4
8	    137	   4
8	    138	   4
8	    139	   4
8	    140	   4
8	    141	   4
8	    142	   4
8	    143	   4
8	    144	   4
8	    145	   4
8	    146	   4
8	    147	   4
8	    148	   4
8	    149	   4
8	    150	   4
8	    151	   4
8	    152	   4
8	    153	   4
8	    154	   4
8	    155	   4
8	    156	   4
8	    157	   4
8	    158	   4
8	    159	   4
8	    160	   4
8	    161	   4
8	    162	   4
8	    163	   4
8	    164	   4
8	    165	   4
8	    166	   4
8	    167	   4
8	    168	   4
8	    169	   4
8	    170	   4
8	    171	   4
8	    172	   4
8	    173	   4
8	    174	   4
8	    175	   4
8	    176	   4
8	    177	   4
8	    178	   4
8	    179	   4
8	    180	   4
8	    181	   4
8	    182	   4
8	    183	   4
8	    184	   4
8	    185	   4
8	    186	   4
8	    187	   4
8	    188	   4
8	    119	   4
8	    190	   4
8	    191	   4
8	    192	   4
8	    193	   4
8	    194	   4
8	    195	   4
8	    196	   4
8	    197	   4
8	    198	   4
8	    199	   4
8	    200	   4
8	    201	   4
8	    202	   4
8	    203	   4
8	    204	   4
8	    205	   4
8	    206	   4
8	    207	   4
8	    208	   4
8	    209	   4
8	    210	   4
8	    211	   4
8	    212	   4
8	    213	   4
8	    214	   4
8	    215	   4
8	    216	   4
8	    217	   4
8	    218	   4
8	    219	   4
8	    220	   4
8	    221	   4
8	    222	   4
8	    223	   4
8	    224	   4
8	    225	   4
8	    226	   4
8	    227	   4
8	    228	   4
8	    229	   4
8	    230	   4
8	    231	   4
8	    232	   4
8	    233	   4
8	    234	   4
8	    235	   4
8	    236	   4
8	    237	   4
8	    238	   4
8	    239	   4
8	    240	   4
8	    241	   4
8	    242	   4
8	    243	   4
8	    244	   4
8	    245	   4
8	    246	   4
8	    247	   4
8	    248	   4
8	    249	   4
8	    250	   4
8	    251	   4
8	    252	   4
8	    253	   4
8	    254	   4
8	    255	   4
8	    256	   4
8	    257	   4
8	    258	   4
8	    259	   4
8	    260	   4
8	    261	   4
8	    262	   4
8	    263	   4
8	    264	   4
8	    265	   4
8	    266	   4
8	    267	   4
8	    268	   4
8	    269	   4
8	    270	   4
8	    271	   4
8	    272	   4
8	    273	   4
8	    274	   4
8	    275	   4
8	    276	   4
8	    277	   4
8	    278	   4
8	    279	   4
8	    280	   4
8	    281	   4
8	    282	   4
8	    283	   4
8	    284	   4
8	    285	   4
8	    286	   4
8	    287	   4
8	    288	   4
8	    289	   4
8	    290	   4
8	    291	   4
8	    292	   4
8	    293	   4
8	    294	   4
8	    295	   4
8	    296	   4
8	    297	   4
8	    298	   4
8	    299	   4
8	    300	   4
8	    301	   4
8	    302	   4
8	    303	   4
8	    304	   4
8	    305	   4
8	    306	   4
8	    307	   4
8	    308	   4
8	    309	   4
8	    310	   4
8	    311	   4
8	    312	   4
8	    313	   4
8	    314	   4
8	    315	   4
8	    316	   4
8	    317	   4
8	    318	   4
8	    319	   4
8	    320	   4
8	    321	   4
8	    322	   4
8	    323	   4
8	    324	   4
8	    325	   4
8	    326	   4
8	    327	   4
8	    328	   4
8	    329	   4
8	    330	   4
8	    331	   4
8	    332	   4
8	    333	   4
8	    334	   4
8	    335	   4
8	    336	   4
8	    337	   4
8	    338	   4
8	    339	   4
8	    340	   4
8	    341	   4
8	    342	   4
8	    343	   4
8	    344	   4
8	    345	   4
8	    346	   4
8	    347	   4
8	    348	   4
8	    349	   4
8	    350	   4
8	    351	   4
8	    352	   4
8	    353	   4
8	    354	   4
8	    355	   4
8	    356	   4
8	    357	   4
8	    358	   4
8	    359	   4
8	    360	   4
8	    361	   4
8	    362	   4
8	    363	   4
8	    364	   4
8	    365	   4
8	    366	   4
8	    367	   4
8	    368	   4
8	    369	   4
8	    370	   4
8	    371	   4
8	    372	   4
8	    373	   4
8	    374	   4
8	    375	   4
8	    376	   4
8	    377	   4
8	    378	   4
8	    379	   4
8	    380	   4
8	    381	   4
8	    382	   4
8	    383	   4
8	    384	   4
8	    385	   4
8	    386	   4
8	    387	   4
8	    388	   4
8	    389	   4
8	    390	   4
8	    391	   4
8	    392	   4
8	    393	   4
8	    394	   4
8	    395	   4
8	    396	   4
8	    397	   4
8	    398	   4
8	    399	   4
8	    400	   4
8	    401	   4
8	    402	   4
8	    403	   4
8	    404	   4
8	    405	   4
8	    406	   4
8	    407	   4
8	    408	   4
8	    409	   4
8	    410	   4
8	    411	   4
8	    412	   4
8	    413	   4
8	    414	   4
8	    415	   4
8	    416	   4
8	    417	   4
8	    418	   4
8	    419	   4
8	    420	   4
8	    421	   4
8	    422	   4
8	    423	   4
8	    424	   4
8	    425	   4
8	    426	   4
8	    427	   4
8	    428	   4
8	    429	   4
8	    430	   4
8	    431	   4
8	    432	   4
8	    433	   4
8	    434	   4
8	    435	   4
8	    436	   4
8	    437	   4
8	    438	   4
8	    439	   4
8	    440	   4
8	    441	   4
8	    442	   4
8	    443	   4
8	    444	   4
8	    445	   4
8	    446	   4
8	    447	   4
8	    448	   4
8	    449	   4
8	    450	   4
8	    451	   4
8	    452	   4
8	    453	   4
8	    454	   4
8	    455	   4
8	    456	   4
8	    457	   4
8	    458	   4
8	    459	   4
8	    460	   4
8	    461	   4
8	    462	   4
8	    463	   4
8	    464	   4
8	    465	   4
8	    466	   4
8	    467	   4
8	    468	   4
8	    469	   4
8	    470	   4
8	    471	   4
8	    472	   4
8	    473	   4
8	    474	   4
8	    475	   4
8	    476	   4
8	    477	   4
8	    478	   4
8	    479	   4
8	    480	   4
8	    481	   4
8	    482	   4
8	    483	   4
8	    484	   4
8	    485	   4
8	    486	   4
8	    487	   4
8	    488	   4
8	    489	   4
8	    490	   4
8	    491	   4
8	    492	   4
8	    493	   4
8	    494	   4
8	    495	   4
8	    496	   4
8	    497	   4
8	    498	   4
8	    499	   4
8	    500	   4
8	    501	   4
8	    502    4
8	    503	   4
8	    504	   4
8	    505	   4
8	    506	   4
8	    507	   4
8	    508	   4
8	    509	   4
8	    510	   4
8	    511	   4
//--
9	    0	   4
9	    1	   4
9	    2	   4
9	    3	   4
9	    4	   4
9	    5	   4
9	    6	   4
9	    7	   4
9	    8	   4
9	    9	   4
9	    10	   4
9	    11	   4
9	    12	   4
9	    13	   4
9	    14	   4
9	    15	   4
9	    16	   4
9	    17	   4
9	    18	   4
9	    19	   4
9	    20	   4
9	    21	   4
9	    22	   4
9	    23	   4
9	    24	   4
9	    25	   4
9	    26	   4
9	    27	   4
9	    28	   4
9	    29	   4
9	    30	   4
9	    31	   4
9	    32	   4
9	    33	   4
9	    34	   4
9	    35	   4
9	    36	   4
9	    37	   4
9	    38	   4
9	    39	   4
9	    40	   4
9	    41	   4
9	    42	   4
9	    43	   4
9	    44	   4
9	    45	   4
9	    46	   4
9	    47	   4
9	    48	   4
9	    49	   4
9	    50	   4
9	    51	   4
9	    52	   4
9	    53	   4
9	    54	   4
9	    55	   4
9	    56	   4
9	    57	   4
9	    58	   4
9	    59	   4
9	    60	   4
9	    61	   4
9	    62	   4
9	    63	   4
9	    64	   4
9	    65	   4
9	    66	   4
9	    67	   4
9	    68	   4
9	    69	   4
9	    70	   4
9	    71	   4
9	    72	   4
9	    73	   4
9	    74	   4
9	    75	   4
9	    76	   4
9	    77	   4
9	    78	   4
9	    79	   4
9	    80	   4
9	    81	   4
9	    82	   4
9	    83	   4
9	    84	   4
9	    85	   4
9	    86	   4
9	    87	   4
9	    88	   4
9	    89	   4
9	    90	   4
9	    91	   4
9	    92	   4
9	    93	   4
9	    94	   4
9	    95	   4
9	    96	   4
9	    97	   4
9	    98	   4
9	    99	   4
9	    100	   4
9	    101	   4
9	    102	   4
9	    103	   4
9	    104	   4
9	    105	   4
9	    106	   4
9	    107	   4
9	    108	   4
9	    109	   4
9	    110	   4
9	    111	   4
9	    112	   4
9	    113	   4
9	    114	   4
9	    115	   4
9	    116	   4
9	    117	   4
9	    118	   4
9	    119	   4
9	    120	   4
9	    121	   4
9	    122	   4
9	    123	   4
9	    124	   4
9	    125	   4
9	    126	   4
9	    127	   4
9	    128	   4
9	    129	   4
9	    130	   4
9	    131	   4
9	    132	   4
9	    133	   4
9	    134	   4
9	    135	   4
9	    136	   4
9	    137	   4
9	    138	   4
9	    139	   4
9	    140	   4
9	    141	   4
9	    142	   4
9	    143	   4
9	    144	   4
9	    145	   4
9	    146	   4
9	    147	   4
9	    148	   4
9	    149	   4
9	    150	   4
9	    151	   4
9	    152	   4
9	    153	   4
9	    154	   4
9	    155	   4
9	    156	   4
9	    157	   4
9	    158	   4
9	    159	   4
9	    160	   4
9	    161	   4
9	    162	   4
9	    163	   4
9	    164	   4
9	    165	   4
9	    166	   4
9	    167	   4
9	    168	   4
9	    169	   4
9	    170	   4
9	    171	   4
9	    172	   4
9	    173	   4
9	    174	   4
9	    175	   4
9	    176	   4
9	    177	   4
9	    178	   4
9	    179	   4
9	    180	   4
9	    181	   4
9	    182	   4
9	    183	   4
9	    184	   4
9	    185	   4
9	    186	   4
9	    187	   4
9	    188	   4
9	    119	   4
9	    190	   4
9	    191	   4
9	    192	   4
9	    193	   4
9	    194	   4
9	    195	   4
9	    196	   4
9	    197	   4
9	    198	   4
9	    199	   4
9	    200	   4
9	    201	   4
9	    202	   4
9	    203	   4
9	    204	   4
9	    205	   4
9	    206	   4
9	    207	   4
9	    208	   4
9	    209	   4
9	    210	   4
9	    211	   4
9	    212	   4
9	    213	   4
9	    214	   4
9	    215	   4
9	    216	   4
9	    217	   4
9	    218	   4
9	    219	   4
9	    220	   4
9	    221	   4
9	    222	   4
9	    223	   4
9	    224	   4
9	    225	   4
9	    226	   4
9	    227	   4
9	    228	   4
9	    229	   4
9	    230	   4
9	    231	   4
9	    232	   4
9	    233	   4
9	    234	   4
9	    235	   4
9	    236	   4
9	    237	   4
9	    238	   4
9	    239	   4
9	    240	   4
9	    241	   4
9	    242	   4
9	    243	   4
9	    244	   4
9	    245	   4
9	    246	   4
9	    247	   4
9	    248	   4
9	    249	   4
9	    250	   4
9	    251	   4
9	    252	   4
9	    253	   4
9	    254	   4
9	    255	   4
9	    256	   4
9	    257	   4
9	    258	   4
9	    259	   4
9	    260	   4
9	    261	   4
9	    262	   4
9	    263	   4
9	    264	   4
9	    265	   4
9	    266	   4
9	    267	   4
9	    268	   4
9	    269	   4
9	    270	   4
9	    271	   4
9	    272	   4
9	    273	   4
9	    274	   4
9	    275	   4
9	    276	   4
9	    277	   4
9	    278	   4
9	    279	   4
9	    280	   4
9	    281	   4
9	    282	   4
9	    283	   4
9	    284	   4
9	    285	   4
9	    286	   4
9	    287	   4
9	    288	   4
9	    289	   4
9	    290	   4
9	    291	   4
9	    292	   4
9	    293	   4
9	    294	   4
9	    295	   4
9	    296	   4
9	    297	   4
9	    298	   4
9	    299	   4
9	    300	   4
9	    301	   4
9	    302	   4
9	    303	   4
9	    304	   4
9	    305	   4
9	    306	   4
9	    307	   4
9	    308	   4
9	    309	   4
9	    310	   4
9	    311	   4
9	    312	   4
9	    313	   4
9	    314	   4
9	    315	   4
9	    316	   4
9	    317	   4
9	    318	   4
9	    319	   4
9	    320	   4
9	    321	   4
9	    322	   4
9	    323	   4
9	    324	   4
9	    325	   4
9	    326	   4
9	    327	   4
9	    328	   4
9	    329	   4
9	    330	   4
9	    331	   4
9	    332	   4
9	    333	   4
9	    334	   4
9	    335	   4
9	    336	   4
9	    337	   4
9	    338	   4
9	    339	   4
9	    340	   4
9	    341	   4
9	    342	   4
9	    343	   4
9	    344	   4
9	    345	   4
9	    346	   4
9	    347	   4
9	    348	   4
9	    349	   4
9	    350	   4
9	    351	   4
9	    352	   4
9	    353	   4
9	    354	   4
9	    355	   4
9	    356	   4
9	    357	   4
9	    358	   4
9	    359	   4
9	    360	   4
9	    361	   4
9	    362	   4
9	    363	   4
9	    364	   4
9	    365	   4
9	    366	   4
9	    367	   4
9	    368	   4
9	    369	   4
9	    370	   4
9	    371	   4
9	    372	   4
9	    373	   4
9	    374	   4
9	    375	   4
9	    376	   4
9	    377	   4
9	    378	   4
9	    379	   4
9	    380	   4
9	    381	   4
9	    382	   4
9	    383	   4
9	    384	   4
9	    385	   4
9	    386	   4
9	    387	   4
9	    388	   4
9	    389	   4
9	    390	   4
9	    391	   4
9	    392	   4
9	    393	   4
9	    394	   4
9	    395	   4
9	    396	   4
9	    397	   4
9	    398	   4
9	    399	   4
9	    400	   4
9	    401	   4
9	    402	   4
9	    403	   4
9	    404	   4
9	    405	   4
9	    406	   4
9	    407	   4
9	    408	   4
9	    409	   4
9	    410	   4
9	    411	   4
9	    412	   4
9	    413	   4
9	    414	   4
9	    415	   4
9	    416	   4
9	    417	   4
9	    418	   4
9	    419	   4
9	    420	   4
9	    421	   4
9	    422	   4
9	    423	   4
9	    424	   4
9	    425	   4
9	    426	   4
9	    427	   4
9	    428	   4
9	    429	   4
9	    430	   4
9	    431	   4
9	    432	   4
9	    433	   4
9	    434	   4
9	    435	   4
9	    436	   4
9	    437	   4
9	    438	   4
9	    439	   4
9	    440	   4
9	    441	   4
9	    442	   4
9	    443	   4
9	    444	   4
9	    445	   4
9	    446	   4
9	    447	   4
9	    448	   4
9	    449	   4
9	    450	   4
9	    451	   4
9	    452	   4
9	    453	   4
9	    454	   4
9	    455	   4
9	    456	   4
9	    457	   4
9	    458	   4
9	    459	   4
9	    460	   4
9	    461	   4
9	    462	   4
9	    463	   4
9	    464	   4
9	    465	   4
9	    466	   4
9	    467	   4
9	    468	   4
9	    469	   4
9	    470	   4
9	    471	   4
9	    472	   4
9	    473	   4
9	    474	   4
9	    475	   4
9	    476	   4
9	    477	   4
9	    478	   4
9	    479	   4
9	    480	   4
9	    481	   4
9	    482	   4
9	    483	   4
9	    484	   4
9	    485	   4
9	    486	   4
9	    487	   4
9	    488	   4
9	    489	   4
9	    490	   4
9	    491	   4
9	    492	   4
9	    493	   4
9	    494	   4
9	    495	   4
9	    496	   4
9	    497	   4
9	    498	   4
9	    499	   4
9	    500	   4
9	    501	   4
9	    502    4
9	    503	   4
9	    504	   4
9	    505	   4
9	    506	   4
9	    507	   4
9	    508	   4
9	    509	   4
9	    510	   4
9	    511	   4
//--
10	    0	   4
10	    1	   4
10	    2	   4
10	    3	   4
10	    4	   4
10	    5	   4
10	    6	   4
10	    7	   4
10	    8	   4
10	    9	   4
10	    10	   4
10	    11	   4
10	    12	   4
10	    13	   4
10	    14	   4
10	    15	   4
10	    16	   4
10	    17	   4
10	    18	   4
10	    19	   4
10	    20	   4
10	    21	   4
10	    22	   4
10	    23	   4
10	    24	   4
10	    25	   4
10	    26	   4
10	    27	   4
10	    28	   4
10	    29	   4
10	    30	   4
10	    31	   4
10	    32	   4
10	    33	   4
10	    34	   4
10	    35	   4
10	    36	   4
10	    37	   4
10	    38	   4
10	    39	   4
10	    40	   4
10	    41	   4
10	    42	   4
10	    43	   4
10	    44	   4
10	    45	   4
10	    46	   4
10	    47	   4
10	    48	   4
10	    49	   4
10	    50	   4
10	    51	   4
10	    52	   4
10	    53	   4
10	    54	   4
10	    55	   4
10	    56	   4
10	    57	   4
10	    58	   4
10	    59	   4
10	    60	   4
10	    61	   4
10	    62	   4
10	    63	   4
10	    64	   4
10	    65	   4
10	    66	   4
10	    67	   4
10	    68	   4
10	    69	   4
10	    70	   4
10	    71	   4
10	    72	   4
10	    73	   4
10	    74	   4
10	    75	   4
10	    76	   4
10	    77	   4
10	    78	   4
10	    79	   4
10	    80	   4
10	    81	   4
10	    82	   4
10	    83	   4
10	    84	   4
10	    85	   4
10	    86	   4
10	    87	   4
10	    88	   4
10	    89	   4
10	    90	   4
10	    91	   4
10	    92	   4
10	    93	   4
10	    94	   4
10	    95	   4
10	    96	   4
10	    97	   4
10	    98	   4
10	    99	   4
10	    100	   4
10	    101	   4
10	    102	   4
10	    103	   4
10	    104	   4
10	    105	   4
10	    106	   4
10	    107	   4
10	    108	   4
10	    109	   4
10	    110	   4
10	    111	   4
10	    112	   4
10	    113	   4
10	    114	   4
10	    115	   4
10	    116	   4
10	    117	   4
10	    118	   4
10	    119	   4
10	    120	   4
10	    121	   4
10	    122	   4
10	    123	   4
10	    124	   4
10	    125	   4
10	    126	   4
10	    127	   4
10	    128	   4
10	    129	   4
10	    130	   4
10	    131	   4
10	    132	   4
10	    133	   4
10	    134	   4
10	    135	   4
10	    136	   4
10	    137	   4
10	    138	   4
10	    139	   4
10	    140	   4
10	    141	   4
10	    142	   4
10	    143	   4
10	    144	   4
10	    145	   4
10	    146	   4
10	    147	   4
10	    148	   4
10	    149	   4
10	    150	   4
10	    151	   4
10	    152	   4
10	    153	   4
10	    154	   4
10	    155	   4
10	    156	   4
10	    157	   4
10	    158	   4
10	    159	   4
10	    160	   4
10	    161	   4
10	    162	   4
10	    163	   4
10	    164	   4
10	    165	   4
10	    166	   4
10	    167	   4
10	    168	   4
10	    169	   4
10	    170	   4
10	    171	   4
10	    172	   4
10	    173	   4
10	    174	   4
10	    175	   4
10	    176	   4
10	    177	   4
10	    178	   4
10	    179	   4
10	    180	   4
10	    181	   4
10	    182	   4
10	    183	   4
10	    184	   4
10	    185	   4
10	    186	   4
10	    187	   4
10	    188	   4
10	    119	   4
10	    190	   4
10	    191	   4
10	    192	   4
10	    193	   4
10	    194	   4
10	    195	   4
10	    196	   4
10	    197	   4
10	    198	   4
10	    199	   4
10	    200	   4
10	    201	   4
10	    202	   4
10	    203	   4
10	    204	   4
10	    205	   4
10	    206	   4
10	    207	   4
10	    208	   4
10	    209	   4
10	    210	   4
10	    211	   4
10	    212	   4
10	    213	   4
10	    214	   4
10	    215	   4
10	    216	   4
10	    217	   4
10	    218	   4
10	    219	   4
10	    220	   4
10	    221	   4
10	    222	   4
10	    223	   4
10	    224	   4
10	    225	   4
10	    226	   4
10	    227	   4
10	    228	   4
10	    229	   4
10	    230	   4
10	    231	   4
10	    232	   4
10	    233	   4
10	    234	   4
10	    235	   4
10	    236	   4
10	    237	   4
10	    238	   4
10	    239	   4
10	    240	   4
10	    241	   4
10	    242	   4
10	    243	   4
10	    244	   4
10	    245	   4
10	    246	   4
10	    247	   4
10	    248	   4
10	    249	   4
10	    250	   4
10	    251	   4
10	    252	   4
10	    253	   4
10	    254	   4
10	    255	   4
10	    256	   4
10	    257	   4
10	    258	   4
10	    259	   4
10	    260	   4
10	    261	   4
10	    262	   4
10	    263	   4
10	    264	   4
10	    265	   4
10	    266	   4
10	    267	   4
10	    268	   4
10	    269	   4
10	    270	   4
10	    271	   4
10	    272	   4
10	    273	   4
10	    274	   4
10	    275	   4
10	    276	   4
10	    277	   4
10	    278	   4
10	    279	   4
10	    280	   4
10	    281	   4
10	    282	   4
10	    283	   4
10	    284	   4
10	    285	   4
10	    286	   4
10	    287	   4
10	    288	   4
10	    289	   4
10	    290	   4
10	    291	   4
10	    292	   4
10	    293	   4
10	    294	   4
10	    295	   4
10	    296	   4
10	    297	   4
10	    298	   4
10	    299	   4
10	    300	   4
10	    301	   4
10	    302	   4
10	    303	   4
10	    304	   4
10	    305	   4
10	    306	   4
10	    307	   4
10	    308	   4
10	    309	   4
10	    310	   4
10	    311	   4
10	    312	   4
10	    313	   4
10	    314	   4
10	    315	   4
10	    316	   4
10	    317	   4
10	    318	   4
10	    319	   4
10	    320	   4
10	    321	   4
10	    322	   4
10	    323	   4
10	    324	   4
10	    325	   4
10	    326	   4
10	    327	   4
10	    328	   4
10	    329	   4
10	    330	   4
10	    331	   4
10	    332	   4
10	    333	   4
10	    334	   4
10	    335	   4
10	    336	   4
10	    337	   4
10	    338	   4
10	    339	   4
10	    340	   4
10	    341	   4
10	    342	   4
10	    343	   4
10	    344	   4
10	    345	   4
10	    346	   4
10	    347	   4
10	    348	   4
10	    349	   4
10	    350	   4
10	    351	   4
10	    352	   4
10	    353	   4
10	    354	   4
10	    355	   4
10	    356	   4
10	    357	   4
10	    358	   4
10	    359	   4
10	    360	   4
10	    361	   4
10	    362	   4
10	    363	   4
10	    364	   4
10	    365	   4
10	    366	   4
10	    367	   4
10	    368	   4
10	    369	   4
10	    370	   4
10	    371	   4
10	    372	   4
10	    373	   4
10	    374	   4
10	    375	   4
10	    376	   4
10	    377	   4
10	    378	   4
10	    379	   4
10	    380	   4
10	    381	   4
10	    382	   4
10	    383	   4
10	    384	   4
10	    385	   4
10	    386	   4
10	    387	   4
10	    388	   4
10	    389	   4
10	    390	   4
10	    391	   4
10	    392	   4
10	    393	   4
10	    394	   4
10	    395	   4
10	    396	   4
10	    397	   4
10	    398	   4
10	    399	   4
10	    400	   4
10	    401	   4
10	    402	   4
10	    403	   4
10	    404	   4
10	    405	   4
10	    406	   4
10	    407	   4
10	    408	   4
10	    409	   4
10	    410	   4
10	    411	   4
10	    412	   4
10	    413	   4
10	    414	   4
10	    415	   4
10	    416	   4
10	    417	   4
10	    418	   4
10	    419	   4
10	    420	   4
10	    421	   4
10	    422	   4
10	    423	   4
10	    424	   4
10	    425	   4
10	    426	   4
10	    427	   4
10	    428	   4
10	    429	   4
10	    430	   4
10	    431	   4
10	    432	   4
10	    433	   4
10	    434	   4
10	    435	   4
10	    436	   4
10	    437	   4
10	    438	   4
10	    439	   4
10	    440	   4
10	    441	   4
10	    442	   4
10	    443	   4
10	    444	   4
10	    445	   4
10	    446	   4
10	    447	   4
10	    448	   4
10	    449	   4
10	    450	   4
10	    451	   4
10	    452	   4
10	    453	   4
10	    454	   4
10	    455	   4
10	    456	   4
10	    457	   4
10	    458	   4
10	    459	   4
10	    460	   4
10	    461	   4
10	    462	   4
10	    463	   4
10	    464	   4
10	    465	   4
10	    466	   4
10	    467	   4
10	    468	   4
10	    469	   4
10	    470	   4
10	    471	   4
10	    472	   4
10	    473	   4
10	    474	   4
10	    475	   4
10	    476	   4
10	    477	   4
10	    478	   4
10	    479	   4
10	    480	   4
10	    481	   4
10	    482	   4
10	    483	   4
10	    484	   4
10	    485	   4
10	    486	   4
10	    487	   4
10	    488	   4
10	    489	   4
10	    490	   4
10	    491	   4
10	    492	   4
10	    493	   4
10	    494	   4
10	    495	   4
10	    496	   4
10	    497	   4
10	    498	   4
10	    499	   4
10	    500	   4
10	    501	   4
10	    502    4
10	    503	   4
10	    504	   4
10	    505	   4
10	    506	   4
10	    507	   4
10	    508	   4
10	    509	   4
10	    510	   4
10	    511	   4
//--
11	    0	   4
11	    1	   4
11	    2	   4
11	    3	   4
11	    4	   4
11	    5	   4
11	    6	   4
11	    7	   4
11	    8	   4
11	    9	   4
11	    10	   4
11	    11	   4
11	    12	   4
11	    13	   4
11	    14	   4
11	    15	   4
11	    16	   4
11	    17	   4
11	    18	   4
11	    19	   4
11	    20	   4
11	    21	   4
11	    22	   4
11	    23	   4
11	    24	   4
11	    25	   4
11	    26	   4
11	    27	   4
11	    28	   4
11	    29	   4
11	    30	   4
11	    31	   4
11	    32	   4
11	    33	   4
11	    34	   4
11	    35	   4
11	    36	   4
11	    37	   4
11	    38	   4
11	    39	   4
11	    40	   4
11	    41	   4
11	    42	   4
11	    43	   4
11	    44	   4
11	    45	   4
11	    46	   4
11	    47	   4
11	    48	   4
11	    49	   4
11	    50	   4
11	    51	   4
11	    52	   4
11	    53	   4
11	    54	   4
11	    55	   4
11	    56	   4
11	    57	   4
11	    58	   4
11	    59	   4
11	    60	   4
11	    61	   4
11	    62	   4
11	    63	   4
11	    64	   4
11	    65	   4
11	    66	   4
11	    67	   4
11	    68	   4
11	    69	   4
11	    70	   4
11	    71	   4
11	    72	   4
11	    73	   4
11	    74	   4
11	    75	   4
11	    76	   4
11	    77	   4
11	    78	   4
11	    79	   4
11	    80	   4
11	    81	   4
11	    82	   4
11	    83	   4
11	    84	   4
11	    85	   4
11	    86	   4
11	    87	   4
11	    88	   4
11	    89	   4
11	    90	   4
11	    91	   4
11	    92	   4
11	    93	   4
11	    94	   4
11	    95	   4
11	    96	   4
11	    97	   4
11	    98	   4
11	    99	   4
11	    100	   4
11	    101	   4
11	    102	   4
11	    103	   4
11	    104	   4
11	    105	   4
11	    106	   4
11	    107	   4
11	    108	   4
11	    109	   4
11	    110	   4
11	    111	   4
11	    112	   4
11	    113	   4
11	    114	   4
11	    115	   4
11	    116	   4
11	    117	   4
11	    118	   4
11	    119	   4
11	    120	   4
11	    121	   4
11	    122	   4
11	    123	   4
11	    124	   4
11	    125	   4
11	    126	   4
11	    127	   4
11	    128	   4
11	    129	   4
11	    130	   4
11	    131	   4
11	    132	   4
11	    133	   4
11	    134	   4
11	    135	   4
11	    136	   4
11	    137	   4
11	    138	   4
11	    139	   4
11	    140	   4
11	    141	   4
11	    142	   4
11	    143	   4
11	    144	   4
11	    145	   4
11	    146	   4
11	    147	   4
11	    148	   4
11	    149	   4
11	    150	   4
11	    151	   4
11	    152	   4
11	    153	   4
11	    154	   4
11	    155	   4
11	    156	   4
11	    157	   4
11	    158	   4
11	    159	   4
11	    160	   4
11	    161	   4
11	    162	   4
11	    163	   4
11	    164	   4
11	    165	   4
11	    166	   4
11	    167	   4
11	    168	   4
11	    169	   4
11	    170	   4
11	    171	   4
11	    172	   4
11	    173	   4
11	    174	   4
11	    175	   4
11	    176	   4
11	    177	   4
11	    178	   4
11	    179	   4
11	    180	   4
11	    181	   4
11	    182	   4
11	    183	   4
11	    184	   4
11	    185	   4
11	    186	   4
11	    187	   4
11	    188	   4
11	    119	   4
11	    190	   4
11	    191	   4
11	    192	   4
11	    193	   4
11	    194	   4
11	    195	   4
11	    196	   4
11	    197	   4
11	    198	   4
11	    199	   4
11	    200	   4
11	    201	   4
11	    202	   4
11	    203	   4
11	    204	   4
11	    205	   4
11	    206	   4
11	    207	   4
11	    208	   4
11	    209	   4
11	    210	   4
11	    211	   4
11	    212	   4
11	    213	   4
11	    214	   4
11	    215	   4
11	    216	   4
11	    217	   4
11	    218	   4
11	    219	   4
11	    220	   4
11	    221	   4
11	    222	   4
11	    223	   4
11	    224	   4
11	    225	   4
11	    226	   4
11	    227	   4
11	    228	   4
11	    229	   4
11	    230	   4
11	    231	   4
11	    232	   4
11	    233	   4
11	    234	   4
11	    235	   4
11	    236	   4
11	    237	   4
11	    238	   4
11	    239	   4
11	    240	   4
11	    241	   4
11	    242	   4
11	    243	   4
11	    244	   4
11	    245	   4
11	    246	   4
11	    247	   4
11	    248	   4
11	    249	   4
11	    250	   4
11	    251	   4
11	    252	   4
11	    253	   4
11	    254	   4
11	    255	   4
11	    256	   4
11	    257	   4
11	    258	   4
11	    259	   4
11	    260	   4
11	    261	   4
11	    262	   4
11	    263	   4
11	    264	   4
11	    265	   4
11	    266	   4
11	    267	   4
11	    268	   4
11	    269	   4
11	    270	   4
11	    271	   4
11	    272	   4
11	    273	   4
11	    274	   4
11	    275	   4
11	    276	   4
11	    277	   4
11	    278	   4
11	    279	   4
11	    280	   4
11	    281	   4
11	    282	   4
11	    283	   4
11	    284	   4
11	    285	   4
11	    286	   4
11	    287	   4
11	    288	   4
11	    289	   4
11	    290	   4
11	    291	   4
11	    292	   4
11	    293	   4
11	    294	   4
11	    295	   4
11	    296	   4
11	    297	   4
11	    298	   4
11	    299	   4
11	    300	   4
11	    301	   4
11	    302	   4
11	    303	   4
11	    304	   4
11	    305	   4
11	    306	   4
11	    307	   4
11	    308	   4
11	    309	   4
11	    310	   4
11	    311	   4
11	    312	   4
11	    313	   4
11	    314	   4
11	    315	   4
11	    316	   4
11	    317	   4
11	    318	   4
11	    319	   4
11	    320	   4
11	    321	   4
11	    322	   4
11	    323	   4
11	    324	   4
11	    325	   4
11	    326	   4
11	    327	   4
11	    328	   4
11	    329	   4
11	    330	   4
11	    331	   4
11	    332	   4
11	    333	   4
11	    334	   4
11	    335	   4
11	    336	   4
11	    337	   4
11	    338	   4
11	    339	   4
11	    340	   4
11	    341	   4
11	    342	   4
11	    343	   4
11	    344	   4
11	    345	   4
11	    346	   4
11	    347	   4
11	    348	   4
11	    349	   4
11	    350	   4
11	    351	   4
11	    352	   4
11	    353	   4
11	    354	   4
11	    355	   4
11	    356	   4
11	    357	   4
11	    358	   4
11	    359	   4
11	    360	   4
11	    361	   4
11	    362	   4
11	    363	   4
11	    364	   4
11	    365	   4
11	    366	   4
11	    367	   4
11	    368	   4
11	    369	   4
11	    370	   4
11	    371	   4
11	    372	   4
11	    373	   4
11	    374	   4
11	    375	   4
11	    376	   4
11	    377	   4
11	    378	   4
11	    379	   4
11	    380	   4
11	    381	   4
11	    382	   4
11	    383	   4
11	    384	   4
11	    385	   4
11	    386	   4
11	    387	   4
11	    388	   4
11	    389	   4
11	    390	   4
11	    391	   4
11	    392	   4
11	    393	   4
11	    394	   4
11	    395	   4
11	    396	   4
11	    397	   4
11	    398	   4
11	    399	   4
11	    400	   4
11	    401	   4
11	    402	   4
11	    403	   4
11	    404	   4
11	    405	   4
11	    406	   4
11	    407	   4
11	    408	   4
11	    409	   4
11	    410	   4
11	    411	   4
11	    412	   4
11	    413	   4
11	    414	   4
11	    415	   4
11	    416	   4
11	    417	   4
11	    418	   4
11	    419	   4
11	    420	   4
11	    421	   4
11	    422	   4
11	    423	   4
11	    424	   4
11	    425	   4
11	    426	   4
11	    427	   4
11	    428	   4
11	    429	   4
11	    430	   4
11	    431	   4
11	    432	   4
11	    433	   4
11	    434	   4
11	    435	   4
11	    436	   4
11	    437	   4
11	    438	   4
11	    439	   4
11	    440	   4
11	    441	   4
11	    442	   4
11	    443	   4
11	    444	   4
11	    445	   4
11	    446	   4
11	    447	   4
11	    448	   4
11	    449	   4
11	    450	   4
11	    451	   4
11	    452	   4
11	    453	   4
11	    454	   4
11	    455	   4
11	    456	   4
11	    457	   4
11	    458	   4
11	    459	   4
11	    460	   4
11	    461	   4
11	    462	   4
11	    463	   4
11	    464	   4
11	    465	   4
11	    466	   4
11	    467	   4
11	    468	   4
11	    469	   4
11	    470	   4
11	    471	   4
11	    472	   4
11	    473	   4
11	    474	   4
11	    475	   4
11	    476	   4
11	    477	   4
11	    478	   4
11	    479	   4
11	    480	   4
11	    481	   4
11	    482	   4
11	    483	   4
11	    484	   4
11	    485	   4
11	    486	   4
11	    487	   4
11	    488	   4
11	    489	   4
11	    490	   4
11	    491	   4
11	    492	   4
11	    493	   4
11	    494	   4
11	    495	   4
11	    496	   4
11	    497	   4
11	    498	   4
11	    499	   4
11	    500	   4
11	    501	   4
11	    502    4
11	    503	   4
11	    504	   4
11	    505	   4
11	    506	   4
11	    507	   4
11	    508	   4
11	    509	   4
11	    510	   4
11	    511	   4
end