//Section   Type   Level
0	    0	   4
0	    1	   4
0	    2	   4
0	    3	   4
0	    4	   4
0	    5	   4
0	    6	   4
0	    7	   4
0	    8	   4
0	    9	   4
0	    10	   4
0	    11	   4
0	    12	   4
0	    13	   4
0	    14	   4
0	    15	   4
0	    16	   4
0	    17	   4
0	    18	   4
0	    19	   4
0	    20	   4
0	    21	   4
0	    22	   4
0	    23	   4
0	    24	   4
0	    25	   4
0	    26	   4
0	    27	   4
0	    28	   4
0	    29	   4
0	    30	   4
0	    31	   4
0	    32	   4
0	    33	   4
0	    34	   4
0	    35	   4
0	    36	   4
0	    37	   4
0	    38	   4
0	    39	   4
0	    40	   4
0	    41	   4
0	    42	   4
0	    43	   4
0	    44	   4
0	    45	   4
0	    46	   4
0	    47	   4
0	    48	   4
0	    49	   4
0	    50	   4
0	    51	   4
0	    52	   4
0	    53	   4
0	    54	   4
0	    55	   4
0	    56	   4
0	    57	   4
0	    58	   4
0	    59	   4
0	    60	   4
0	    61	   4
0	    62	   4
0	    63	   4
0	    64	   4
0	    65	   4
0	    66	   4
0	    67	   4
0	    68	   4
0	    69	   4
0	    70	   4
0	    71	   4
0	    72	   4
0	    73	   4
0	    74	   4
0	    75	   4
0	    76	   4
0	    77	   4
0	    78	   4
0	    79	   4
0	    80	   4
0	    81	   4
0	    82	   4
0	    83	   4
0	    84	   4
0	    85	   4
0	    86	   4
0	    87	   4
0	    88	   4
0	    89	   4
0	    90	   4
0	    91	   4
0	    92	   4
0	    93	   4
0	    94	   4
0	    95	   4
0	    96	   4
0	    97	   4
0	    98	   4
0	    99	   4
0	    100	   4
0	    101	   4
0	    102	   4
0	    103	   4
0	    104	   4
0	    105	   4
0	    106	   4
0	    107	   4
0	    108	   4
0	    109	   4
0	    110	   4
0	    111	   4
0	    112	   4
0	    113	   4
0	    114	   4
0	    115	   4
0	    116	   4
0	    117	   4
0	    118	   4
0	    119	   4
0	    120	   4
0	    121	   4
0	    122	   4
0	    123	   4
0	    124	   4
0	    125	   4
0	    126	   4
0	    127	   4
0	    128	   4
0	    129	   4
0	    130	   4
0	    131	   4
0	    132	   4
0	    133	   4
0	    134	   4
0	    135	   4
0	    136	   4
0	    137	   4
0	    138	   4
0	    139	   4
0	    140	   4
0	    141	   4
0	    142	   4
0	    143	   4
0	    144	   4
0	    145	   4
0	    146	   4
0	    147	   4
0	    148	   4
0	    149	   4
0	    150	   4
0	    151	   4
0	    152	   4
0	    153	   4
0	    154	   4
0	    155	   4
0	    156	   4
0	    157	   4
0	    158	   4
0	    159	   4
0	    160	   4
0	    161	   4
0	    162	   4
0	    163	   4
0	    164	   4
0	    165	   4
0	    166	   4
0	    167	   4
0	    168	   4
0	    169	   4
0	    170	   4
0	    171	   4
0	    172	   4
0	    173	   4
0	    174	   4
0	    175	   4
0	    176	   4
0	    177	   4
0	    178	   4
0	    179	   4
0	    180	   4
0	    181	   4
0	    182	   4
0	    183	   4
0	    184	   4
0	    185	   4
0	    186	   4
0	    187	   4
0	    188	   4
0	    119	   4
0	    190	   4
0	    191	   4
0	    192	   4
0	    193	   4
0	    194	   4
0	    195	   4
0	    196	   4
0	    197	   4
0	    198	   4
0	    199	   4
0	    200	   4
//--
1	    0	   4
1	    1	   4
1	    2	   4
1	    3	   4
1	    4	   4
1	    5	   4
1	    6	   4
1	    7	   4
1	    8	   4
1	    9	   4
1	    10	   4
1	    11	   4
1	    12	   4
1	    13	   4
1	    14	   4
1	    15	   4
1	    16	   4
1	    17	   4
1	    18	   4
1	    19	   4
1	    20	   4
1	    21	   4
1	    22	   4
1	    23	   4
1	    24	   4
1	    25	   4
1	    26	   4
1	    27	   4
1	    28	   4
1	    29	   4
1	    30	   4
1	    31	   4
1	    32	   4
1	    33	   4
1	    34	   4
1	    35	   4
1	    36	   4
1	    37	   4
1	    38	   4
1	    39	   4
1	    40	   4
1	    41	   4
1	    42	   4
1	    43	   4
1	    44	   4
1	    45	   4
1	    46	   4
1	    47	   4
1	    48	   4
1	    49	   4
1	    50	   4
1	    51	   4
1	    52	   4
1	    53	   4
1	    54	   4
1	    55	   4
1	    56	   4
1	    57	   4
1	    58	   4
1	    59	   4
1	    60	   4
1	    61	   4
1	    62	   4
1	    63	   4
1	    64	   4
1	    65	   4
1	    66	   4
1	    67	   4
1	    68	   4
1	    69	   4
1	    70	   4
1	    71	   4
1	    72	   4
1	    73	   4
1	    74	   4
1	    75	   4
1	    76	   4
1	    77	   4
1	    78	   4
1	    79	   4
1	    80	   4
1	    81	   4
1	    82	   4
1	    83	   4
1	    84	   4
1	    85	   4
1	    86	   4
1	    87	   4
1	    88	   4
1	    89	   4
1	    90	   4
1	    91	   4
1	    92	   4
1	    93	   4
1	    94	   4
1	    95	   4
1	    96	   4
1	    97	   4
1	    98	   4
1	    99	   4
1	    100	   4
1	    101	   4
1	    102	   4
1	    103	   4
1	    104	   4
1	    105	   4
1	    106	   4
1	    107	   4
1	    108	   4
1	    109	   4
1	    110	   4
1	    111	   4
1	    112	   4
1	    113	   4
1	    114	   4
1	    115	   4
1	    116	   4
1	    117	   4
1	    118	   4
1	    119	   4
1	    120	   4
1	    121	   4
1	    122	   4
1	    123	   4
1	    124	   4
1	    125	   4
1	    126	   4
1	    127	   4
1	    128	   4
1	    129	   4
1	    130	   4
1	    131	   4
1	    132	   4
1	    133	   4
1	    134	   4
1	    135	   4
1	    136	   4
1	    137	   4
1	    138	   4
1	    139	   4
1	    140	   4
1	    141	   4
1	    142	   4
1	    143	   4
1	    144	   4
1	    145	   4
1	    146	   4
1	    147	   4
1	    148	   4
1	    149	   4
1	    150	   4
1	    151	   4
1	    152	   4
1	    153	   4
1	    154	   4
1	    155	   4
1	    156	   4
1	    157	   4
1	    158	   4
1	    159	   4
1	    160	   4
1	    161	   4
1	    162	   4
1	    163	   4
1	    164	   4
1	    165	   4
1	    166	   4
1	    167	   4
1	    168	   4
1	    169	   4
1	    170	   4
1	    171	   4
1	    172	   4
1	    173	   4
1	    174	   4
1	    175	   4
1	    176	   4
1	    177	   4
1	    178	   4
1	    179	   4
1	    180	   4
1	    181	   4
1	    182	   4
1	    183	   4
1	    184	   4
1	    185	   4
1	    186	   4
1	    187	   4
1	    188	   4
1	    119	   4
1	    190	   4
1	    191	   4
1	    192	   4
1	    193	   4
1	    194	   4
1	    195	   4
1	    196	   4
1	    197	   4
1	    198	   4
1	    199	   4
1	    200	   4
//--
2	    0	   4
2	    1	   4
2	    2	   4
2	    3	   4
2	    4	   4
2	    5	   4
2	    6	   4
2	    7	   4
2	    8	   4
2	    9	   4
2	    10	   4
2	    11	   4
2	    12	   4
2	    13	   4
2	    14	   4
2	    15	   4
2	    16	   4
2	    17	   4
2	    18	   4
2	    19	   4
2	    20	   4
2	    21	   4
2	    22	   4
2	    23	   4
2	    24	   4
2	    25	   4
2	    26	   4
2	    27	   4
2	    28	   4
2	    29	   4
2	    30	   4
2	    31	   4
2	    32	   4
2	    33	   4
2	    34	   4
2	    35	   4
2	    36	   4
2	    37	   4
2	    38	   4
2	    39	   4
2	    40	   4
2	    41	   4
2	    42	   4
2	    43	   4
2	    44	   4
2	    45	   4
2	    46	   4
2	    47	   4
2	    48	   4
2	    49	   4
2	    50	   4
2	    51	   4
2	    52	   4
2	    53	   4
2	    54	   4
2	    55	   4
2	    56	   4
2	    57	   4
2	    58	   4
2	    59	   4
2	    60	   4
2	    61	   4
2	    62	   4
2	    63	   4
2	    64	   4
2	    65	   4
2	    66	   4
2	    67	   4
2	    68	   4
2	    69	   4
2	    70	   4
2	    71	   4
2	    72	   4
2	    73	   4
2	    74	   4
2	    75	   4
2	    76	   4
2	    77	   4
2	    78	   4
2	    79	   4
2	    80	   4
2	    81	   4
2	    82	   4
2	    83	   4
2	    84	   4
2	    85	   4
2	    86	   4
2	    87	   4
2	    88	   4
2	    89	   4
2	    90	   4
2	    91	   4
2	    92	   4
2	    93	   4
2	    94	   4
2	    95	   4
2	    96	   4
2	    97	   4
2	    98	   4
2	    99	   4
2	    100	   4
2	    101	   4
2	    102	   4
2	    103	   4
2	    104	   4
2	    105	   4
2	    106	   4
2	    107	   4
2	    108	   4
2	    109	   4
2	    110	   4
2	    111	   4
2	    112	   4
2	    113	   4
2	    114	   4
2	    115	   4
2	    116	   4
2	    117	   4
2	    118	   4
2	    119	   4
2	    120	   4
2	    121	   4
2	    122	   4
2	    123	   4
2	    124	   4
2	    125	   4
2	    126	   4
2	    127	   4
2	    128	   4
2	    129	   4
2	    130	   4
2	    131	   4
2	    132	   4
2	    133	   4
2	    134	   4
2	    135	   4
2	    136	   4
2	    137	   4
2	    138	   4
2	    139	   4
2	    140	   4
2	    141	   4
2	    142	   4
2	    143	   4
2	    144	   4
2	    145	   4
2	    146	   4
2	    147	   4
2	    148	   4
2	    149	   4
2	    150	   4
2	    151	   4
2	    152	   4
2	    153	   4
2	    154	   4
2	    155	   4
2	    156	   4
2	    157	   4
2	    158	   4
2	    159	   4
2	    160	   4
2	    161	   4
2	    162	   4
2	    163	   4
2	    164	   4
2	    165	   4
2	    166	   4
2	    167	   4
2	    168	   4
2	    169	   4
2	    170	   4
2	    171	   4
2	    172	   4
2	    173	   4
2	    174	   4
2	    175	   4
2	    176	   4
2	    177	   4
2	    178	   4
2	    179	   4
2	    180	   4
2	    181	   4
2	    182	   4
2	    183	   4
2	    184	   4
2	    185	   4
2	    186	   4
2	    187	   4
2	    188	   4
2	    119	   4
2	    190	   4
2	    191	   4
2	    192	   4
2	    193	   4
2	    194	   4
2	    195	   4
2	    196	   4
2	    197	   4
2	    198	   4
2	    199	   4
2	    200	   4
//--
3	    0	   4
3	    1	   4
3	    2	   4
3	    3	   4
3	    4	   4
3	    5	   4
3	    6	   4
3	    7	   4
3	    8	   4
3	    9	   4
3	    10	   4
3	    11	   4
3	    12	   4
3	    13	   4
3	    14	   4
3	    15	   4
3	    16	   4
3	    17	   4
3	    18	   4
3	    19	   4
3	    20	   4
3	    21	   4
3	    22	   4
3	    23	   4
3	    24	   4
3	    25	   4
3	    26	   4
3	    27	   4
3	    28	   4
3	    29	   4
3	    30	   4
3	    31	   4
3	    32	   4
3	    33	   4
3	    34	   4
3	    35	   4
3	    36	   4
3	    37	   4
3	    38	   4
3	    39	   4
3	    40	   4
3	    41	   4
3	    42	   4
3	    43	   4
3	    44	   4
3	    45	   4
3	    46	   4
3	    47	   4
3	    48	   4
3	    49	   4
3	    50	   4
3	    51	   4
3	    52	   4
3	    53	   4
3	    54	   4
3	    55	   4
3	    56	   4
3	    57	   4
3	    58	   4
3	    59	   4
3	    60	   4
3	    61	   4
3	    62	   4
3	    63	   4
3	    64	   4
3	    65	   4
3	    66	   4
3	    67	   4
3	    68	   4
3	    69	   4
3	    70	   4
3	    71	   4
3	    72	   4
3	    73	   4
3	    74	   4
3	    75	   4
3	    76	   4
3	    77	   4
3	    78	   4
3	    79	   4
3	    80	   4
3	    81	   4
3	    82	   4
3	    83	   4
3	    84	   4
3	    85	   4
3	    86	   4
3	    87	   4
3	    88	   4
3	    89	   4
3	    90	   4
3	    91	   4
3	    92	   4
3	    93	   4
3	    94	   4
3	    95	   4
3	    96	   4
3	    97	   4
3	    98	   4
3	    99	   4
3	    100	   4
3	    101	   4
3	    102	   4
3	    103	   4
3	    104	   4
3	    105	   4
3	    106	   4
3	    107	   4
3	    108	   4
3	    109	   4
3	    110	   4
3	    111	   4
3	    112	   4
3	    113	   4
3	    114	   4
3	    115	   4
3	    116	   4
3	    117	   4
3	    118	   4
3	    119	   4
3	    120	   4
3	    121	   4
3	    122	   4
3	    123	   4
3	    124	   4
3	    125	   4
3	    126	   4
3	    127	   4
3	    128	   4
3	    129	   4
3	    130	   4
3	    131	   4
3	    132	   4
3	    133	   4
3	    134	   4
3	    135	   4
3	    136	   4
3	    137	   4
3	    138	   4
3	    139	   4
3	    140	   4
3	    141	   4
3	    142	   4
3	    143	   4
3	    144	   4
3	    145	   4
3	    146	   4
3	    147	   4
3	    148	   4
3	    149	   4
3	    150	   4
3	    151	   4
3	    152	   4
3	    153	   4
3	    154	   4
3	    155	   4
3	    156	   4
3	    157	   4
3	    158	   4
3	    159	   4
3	    160	   4
3	    161	   4
3	    162	   4
3	    163	   4
3	    164	   4
3	    165	   4
3	    166	   4
3	    167	   4
3	    168	   4
3	    169	   4
3	    170	   4
3	    171	   4
3	    172	   4
3	    173	   4
3	    174	   4
3	    175	   4
3	    176	   4
3	    177	   4
3	    178	   4
3	    179	   4
3	    180	   4
3	    181	   4
3	    182	   4
3	    183	   4
3	    184	   4
3	    185	   4
3	    186	   4
3	    187	   4
3	    188	   4
3	    119	   4
3	    190	   4
3	    191	   4
3	    192	   4
3	    193	   4
3	    194	   4
3	    195	   4
3	    196	   4
3	    197	   4
3	    198	   4
3	    199	   4
3	    200	   4
//--
4	    0	   4
4	    1	   4
4	    2	   4
4	    3	   4
4	    4	   4
4	    5	   4
4	    6	   4
4	    7	   4
4	    8	   4
4	    9	   4
4	    10	   4
4	    11	   4
4	    12	   4
4	    13	   4
4	    14	   4
4	    15	   4
4	    16	   4
4	    17	   4
4	    18	   4
4	    19	   4
4	    20	   4
4	    21	   4
4	    22	   4
4	    23	   4
4	    24	   4
4	    25	   4
4	    26	   4
4	    27	   4
4	    28	   4
4	    29	   4
4	    30	   4
4	    31	   4
4	    32	   4
4	    33	   4
4	    34	   4
4	    35	   4
4	    36	   4
4	    37	   4
4	    38	   4
4	    39	   4
4	    40	   4
4	    41	   4
4	    42	   4
4	    43	   4
4	    44	   4
4	    45	   4
4	    46	   4
4	    47	   4
4	    48	   4
4	    49	   4
4	    50	   4
4	    51	   4
4	    52	   4
4	    53	   4
4	    54	   4
4	    55	   4
4	    56	   4
4	    57	   4
4	    58	   4
4	    59	   4
4	    60	   4
4	    61	   4
4	    62	   4
4	    63	   4
4	    64	   4
4	    65	   4
4	    66	   4
4	    67	   4
4	    68	   4
4	    69	   4
4	    70	   4
4	    71	   4
4	    72	   4
4	    73	   4
4	    74	   4
4	    75	   4
4	    76	   4
4	    77	   4
4	    78	   4
4	    79	   4
4	    80	   4
4	    81	   4
4	    82	   4
4	    83	   4
4	    84	   4
4	    85	   4
4	    86	   4
4	    87	   4
4	    88	   4
4	    89	   4
4	    90	   4
4	    91	   4
4	    92	   4
4	    93	   4
4	    94	   4
4	    95	   4
4	    96	   4
4	    97	   4
4	    98	   4
4	    99	   4
4	    100	   4
4	    101	   4
4	    102	   4
4	    103	   4
4	    104	   4
4	    105	   4
4	    106	   4
4	    107	   4
4	    108	   4
4	    109	   4
4	    110	   4
4	    111	   4
4	    112	   4
4	    113	   4
4	    114	   4
4	    115	   4
4	    116	   4
4	    117	   4
4	    118	   4
4	    119	   4
4	    120	   4
4	    121	   4
4	    122	   4
4	    123	   4
4	    124	   4
4	    125	   4
4	    126	   4
4	    127	   4
4	    128	   4
4	    129	   4
4	    130	   4
4	    131	   4
4	    132	   4
4	    133	   4
4	    134	   4
4	    135	   4
4	    136	   4
4	    137	   4
4	    138	   4
4	    139	   4
4	    140	   4
4	    141	   4
4	    142	   4
4	    143	   4
4	    144	   4
4	    145	   4
4	    146	   4
4	    147	   4
4	    148	   4
4	    149	   4
4	    150	   4
4	    151	   4
4	    152	   4
4	    153	   4
4	    154	   4
4	    155	   4
4	    156	   4
4	    157	   4
4	    158	   4
4	    159	   4
4	    160	   4
4	    161	   4
4	    162	   4
4	    163	   4
4	    164	   4
4	    165	   4
4	    166	   4
4	    167	   4
4	    168	   4
4	    169	   4
4	    170	   4
4	    171	   4
4	    172	   4
4	    173	   4
4	    174	   4
4	    175	   4
4	    176	   4
4	    177	   4
4	    178	   4
4	    179	   4
4	    180	   4
4	    181	   4
4	    182	   4
4	    183	   4
4	    184	   4
4	    185	   4
4	    186	   4
4	    187	   4
4	    188	   4
4	    119	   4
4	    190	   4
4	    191	   4
4	    192	   4
4	    193	   4
4	    194	   4
4	    195	   4
4	    196	   4
4	    197	   4
4	    198	   4
4	    199	   4
4	    200	   4
//--
5	    0	   4
5	    1	   4
5	    2	   4
5	    3	   4
5	    4	   4
5	    5	   4
5	    6	   4
5	    7	   4
5	    8	   4
5	    9	   4
5	    10	   4
5	    11	   4
5	    12	   4
5	    13	   4
5	    14	   4
5	    15	   4
5	    16	   4
5	    17	   4
5	    18	   4
5	    19	   4
5	    20	   4
5	    21	   4
5	    22	   4
5	    23	   4
5	    24	   4
5	    25	   4
5	    26	   4
5	    27	   4
5	    28	   4
5	    29	   4
5	    30	   4
5	    31	   4
5	    32	   4
5	    33	   4
5	    34	   4
5	    35	   4
5	    36	   4
5	    37	   4
5	    38	   4
5	    39	   4
5	    40	   4
5	    41	   4
5	    42	   4
5	    43	   4
5	    44	   4
5	    45	   4
5	    46	   4
5	    47	   4
5	    48	   4
5	    49	   4
5	    50	   4
5	    51	   4
5	    52	   4
5	    53	   4
5	    54	   4
5	    55	   4
5	    56	   4
5	    57	   4
5	    58	   4
5	    59	   4
5	    60	   4
5	    61	   4
5	    62	   4
5	    63	   4
5	    64	   4
5	    65	   4
5	    66	   4
5	    67	   4
5	    68	   4
5	    69	   4
5	    70	   4
5	    71	   4
5	    72	   4
5	    73	   4
5	    74	   4
5	    75	   4
5	    76	   4
5	    77	   4
5	    78	   4
5	    79	   4
5	    80	   4
5	    81	   4
5	    82	   4
5	    83	   4
5	    84	   4
5	    85	   4
5	    86	   4
5	    87	   4
5	    88	   4
5	    89	   4
5	    90	   4
5	    91	   4
5	    92	   4
5	    93	   4
5	    94	   4
5	    95	   4
5	    96	   4
5	    97	   4
5	    98	   4
5	    99	   4
5	    100	   4
5	    101	   4
5	    102	   4
5	    103	   4
5	    104	   4
5	    105	   4
5	    106	   4
5	    107	   4
5	    108	   4
5	    109	   4
5	    110	   4
5	    111	   4
5	    112	   4
5	    113	   4
5	    114	   4
5	    115	   4
5	    116	   4
5	    117	   4
5	    118	   4
5	    119	   4
5	    120	   4
5	    121	   4
5	    122	   4
5	    123	   4
5	    124	   4
5	    125	   4
5	    126	   4
5	    127	   4
5	    128	   4
5	    129	   4
5	    130	   4
5	    131	   4
5	    132	   4
5	    133	   4
5	    134	   4
5	    135	   4
5	    136	   4
5	    137	   4
5	    138	   4
5	    139	   4
5	    140	   4
5	    141	   4
5	    142	   4
5	    143	   4
5	    144	   4
5	    145	   4
5	    146	   4
5	    147	   4
5	    148	   4
5	    149	   4
5	    150	   4
5	    151	   4
5	    152	   4
5	    153	   4
5	    154	   4
5	    155	   4
5	    156	   4
5	    157	   4
5	    158	   4
5	    159	   4
5	    160	   4
5	    161	   4
5	    162	   4
5	    163	   4
5	    164	   4
5	    165	   4
5	    166	   4
5	    167	   4
5	    168	   4
5	    169	   4
5	    170	   4
5	    171	   4
5	    172	   4
5	    173	   4
5	    174	   4
5	    175	   4
5	    176	   4
5	    177	   4
5	    178	   4
5	    179	   4
5	    180	   4
5	    181	   4
5	    182	   4
5	    183	   4
5	    184	   4
5	    185	   4
5	    186	   4
5	    187	   4
5	    188	   4
5	    119	   4
5	    190	   4
5	    191	   4
5	    192	   4
5	    193	   4
5	    194	   4
5	    195	   4
5	    196	   4
5	    197	   4
5	    198	   4
5	    199	   4
5	    200	   4
//--
6	    0	   4
6	    1	   4
6	    2	   4
6	    3	   4
6	    4	   4
6	    5	   4
6	    6	   4
6	    7	   4
6	    8	   4
6	    9	   4
6	    10	   4
6	    11	   4
6	    12	   4
6	    13	   4
6	    14	   4
6	    15	   4
6	    16	   4
6	    17	   4
6	    18	   4
6	    19	   4
6	    20	   4
6	    21	   4
6	    22	   4
6	    23	   4
6	    24	   4
6	    25	   4
6	    26	   4
6	    27	   4
6	    28	   4
6	    29	   4
6	    30	   4
6	    31	   4
6	    32	   4
6	    33	   4
6	    34	   4
6	    35	   4
6	    36	   4
6	    37	   4
6	    38	   4
6	    39	   4
6	    40	   4
6	    41	   4
6	    42	   4
6	    43	   4
6	    44	   4
6	    45	   4
6	    46	   4
6	    47	   4
6	    48	   4
6	    49	   4
6	    50	   4
6	    51	   4
6	    52	   4
6	    53	   4
6	    54	   4
6	    55	   4
6	    56	   4
6	    57	   4
6	    58	   4
6	    59	   4
6	    60	   4
6	    61	   4
6	    62	   4
6	    63	   4
6	    64	   4
6	    65	   4
6	    66	   4
6	    67	   4
6	    68	   4
6	    69	   4
6	    70	   4
6	    71	   4
6	    72	   4
6	    73	   4
6	    74	   4
6	    75	   4
6	    76	   4
6	    77	   4
6	    78	   4
6	    79	   4
6	    80	   4
6	    81	   4
6	    82	   4
6	    83	   4
6	    84	   4
6	    85	   4
6	    86	   4
6	    87	   4
6	    88	   4
6	    89	   4
6	    90	   4
6	    91	   4
6	    92	   4
6	    93	   4
6	    94	   4
6	    95	   4
6	    96	   4
6	    97	   4
6	    98	   4
6	    99	   4
6	    100	   4
6	    101	   4
6	    102	   4
6	    103	   4
6	    104	   4
6	    105	   4
6	    106	   4
6	    107	   4
6	    108	   4
6	    109	   4
6	    110	   4
6	    111	   4
6	    112	   4
6	    113	   4
6	    114	   4
6	    115	   4
6	    116	   4
6	    117	   4
6	    118	   4
6	    119	   4
6	    120	   4
6	    121	   4
6	    122	   4
6	    123	   4
6	    124	   4
6	    125	   4
6	    126	   4
6	    127	   4
6	    128	   4
6	    129	   4
6	    130	   4
6	    131	   4
6	    132	   4
6	    133	   4
6	    134	   4
6	    135	   4
6	    136	   4
6	    137	   4
6	    138	   4
6	    139	   4
6	    140	   4
6	    141	   4
6	    142	   4
6	    143	   4
6	    144	   4
6	    145	   4
6	    146	   4
6	    147	   4
6	    148	   4
6	    149	   4
6	    150	   4
6	    151	   4
6	    152	   4
6	    153	   4
6	    154	   4
6	    155	   4
6	    156	   4
6	    157	   4
6	    158	   4
6	    159	   4
6	    160	   4
6	    161	   4
6	    162	   4
6	    163	   4
6	    164	   4
6	    165	   4
6	    166	   4
6	    167	   4
6	    168	   4
6	    169	   4
6	    170	   4
6	    171	   4
6	    172	   4
6	    173	   4
6	    174	   4
6	    175	   4
6	    176	   4
6	    177	   4
6	    178	   4
6	    179	   4
6	    180	   4
6	    181	   4
6	    182	   4
6	    183	   4
6	    184	   4
6	    185	   4
6	    186	   4
6	    187	   4
6	    188	   4
6	    119	   4
6	    190	   4
6	    191	   4
6	    192	   4
6	    193	   4
6	    194	   4
6	    195	   4
6	    196	   4
6	    197	   4
6	    198	   4
6	    199	   4
6	    200	   4
//--
7	    0	   4
7	    1	   4
7	    2	   4
7	    3	   4
7	    4	   4
7	    5	   4
7	    6	   4
7	    7	   4
7	    8	   4
7	    9	   4
7	    10	   4
7	    11	   4
7	    12	   4
7	    13	   4
7	    14	   4
7	    15	   4
7	    16	   4
7	    17	   4
7	    18	   4
7	    19	   4
7	    20	   4
7	    21	   4
7	    22	   4
7	    23	   4
7	    24	   4
7	    25	   4
7	    26	   4
7	    27	   4
7	    28	   4
7	    29	   4
7	    30	   4
7	    31	   4
7	    32	   4
7	    33	   4
7	    34	   4
7	    35	   4
7	    36	   4
7	    37	   4
7	    38	   4
7	    39	   4
7	    40	   4
7	    41	   4
7	    42	   4
7	    43	   4
7	    44	   4
7	    45	   4
7	    46	   4
7	    47	   4
7	    48	   4
7	    49	   4
7	    50	   4
7	    51	   4
7	    52	   4
7	    53	   4
7	    54	   4
7	    55	   4
7	    56	   4
7	    57	   4
7	    58	   4
7	    59	   4
7	    60	   4
7	    61	   4
7	    62	   4
7	    63	   4
7	    64	   4
7	    65	   4
7	    66	   4
7	    67	   4
7	    68	   4
7	    69	   4
7	    70	   4
7	    71	   4
7	    72	   4
7	    73	   4
7	    74	   4
7	    75	   4
7	    76	   4
7	    77	   4
7	    78	   4
7	    79	   4
7	    80	   4
7	    81	   4
7	    82	   4
7	    83	   4
7	    84	   4
7	    85	   4
7	    86	   4
7	    87	   4
7	    88	   4
7	    89	   4
7	    90	   4
7	    91	   4
7	    92	   4
7	    93	   4
7	    94	   4
7	    95	   4
7	    96	   4
7	    97	   4
7	    98	   4
7	    99	   4
7	    100	   4
7	    101	   4
7	    102	   4
7	    103	   4
7	    104	   4
7	    105	   4
7	    106	   4
7	    107	   4
7	    108	   4
7	    109	   4
7	    110	   4
7	    111	   4
7	    112	   4
7	    113	   4
7	    114	   4
7	    115	   4
7	    116	   4
7	    117	   4
7	    118	   4
7	    119	   4
7	    120	   4
7	    121	   4
7	    122	   4
7	    123	   4
7	    124	   4
7	    125	   4
7	    126	   4
7	    127	   4
7	    128	   4
7	    129	   4
7	    130	   4
7	    131	   4
7	    132	   4
7	    133	   4
7	    134	   4
7	    135	   4
7	    136	   4
7	    137	   4
7	    138	   4
7	    139	   4
7	    140	   4
7	    141	   4
7	    142	   4
7	    143	   4
7	    144	   4
7	    145	   4
7	    146	   4
7	    147	   4
7	    148	   4
7	    149	   4
7	    150	   4
7	    151	   4
7	    152	   4
7	    153	   4
7	    154	   4
7	    155	   4
7	    156	   4
7	    157	   4
7	    158	   4
7	    159	   4
7	    160	   4
7	    161	   4
7	    162	   4
7	    163	   4
7	    164	   4
7	    165	   4
7	    166	   4
7	    167	   4
7	    168	   4
7	    169	   4
7	    170	   4
7	    171	   4
7	    172	   4
7	    173	   4
7	    174	   4
7	    175	   4
7	    176	   4
7	    177	   4
7	    178	   4
7	    179	   4
7	    180	   4
7	    181	   4
7	    182	   4
7	    183	   4
7	    184	   4
7	    185	   4
7	    186	   4
7	    187	   4
7	    188	   4
7	    119	   4
7	    190	   4
7	    191	   4
7	    192	   4
7	    193	   4
7	    194	   4
7	    195	   4
7	    196	   4
7	    197	   4
7	    198	   4
7	    199	   4
7	    200	   4
//--
8	    0	   4
8	    1	   4
8	    2	   4
8	    3	   4
8	    4	   4
8	    5	   4
8	    6	   4
8	    7	   4
8	    8	   4
8	    9	   4
8	    10	   4
8	    11	   4
8	    12	   4
8	    13	   4
8	    14	   4
8	    15	   4
8	    16	   4
8	    17	   4
8	    18	   4
8	    19	   4
8	    20	   4
8	    21	   4
8	    22	   4
8	    23	   4
8	    24	   4
8	    25	   4
8	    26	   4
8	    27	   4
8	    28	   4
8	    29	   4
8	    30	   4
8	    31	   4
8	    32	   4
8	    33	   4
8	    34	   4
8	    35	   4
8	    36	   4
8	    37	   4
8	    38	   4
8	    39	   4
8	    40	   4
8	    41	   4
8	    42	   4
8	    43	   4
8	    44	   4
8	    45	   4
8	    46	   4
8	    47	   4
8	    48	   4
8	    49	   4
8	    50	   4
8	    51	   4
8	    52	   4
8	    53	   4
8	    54	   4
8	    55	   4
8	    56	   4
8	    57	   4
8	    58	   4
8	    59	   4
8	    60	   4
8	    61	   4
8	    62	   4
8	    63	   4
8	    64	   4
8	    65	   4
8	    66	   4
8	    67	   4
8	    68	   4
8	    69	   4
8	    70	   4
8	    71	   4
8	    72	   4
8	    73	   4
8	    74	   4
8	    75	   4
8	    76	   4
8	    77	   4
8	    78	   4
8	    79	   4
8	    80	   4
8	    81	   4
8	    82	   4
8	    83	   4
8	    84	   4
8	    85	   4
8	    86	   4
8	    87	   4
8	    88	   4
8	    89	   4
8	    90	   4
8	    91	   4
8	    92	   4
8	    93	   4
8	    94	   4
8	    95	   4
8	    96	   4
8	    97	   4
8	    98	   4
8	    99	   4
8	    100	   4
8	    101	   4
8	    102	   4
8	    103	   4
8	    104	   4
8	    105	   4
8	    106	   4
8	    107	   4
8	    108	   4
8	    109	   4
8	    110	   4
8	    111	   4
8	    112	   4
8	    113	   4
8	    114	   4
8	    115	   4
8	    116	   4
8	    117	   4
8	    118	   4
8	    119	   4
8	    120	   4
8	    121	   4
8	    122	   4
8	    123	   4
8	    124	   4
8	    125	   4
8	    126	   4
8	    127	   4
8	    128	   4
8	    129	   4
8	    130	   4
8	    131	   4
8	    132	   4
8	    133	   4
8	    134	   4
8	    135	   4
8	    136	   4
8	    137	   4
8	    138	   4
8	    139	   4
8	    140	   4
8	    141	   4
8	    142	   4
8	    143	   4
8	    144	   4
8	    145	   4
8	    146	   4
8	    147	   4
8	    148	   4
8	    149	   4
8	    150	   4
8	    151	   4
8	    152	   4
8	    153	   4
8	    154	   4
8	    155	   4
8	    156	   4
8	    157	   4
8	    158	   4
8	    159	   4
8	    160	   4
8	    161	   4
8	    162	   4
8	    163	   4
8	    164	   4
8	    165	   4
8	    166	   4
8	    167	   4
8	    168	   4
8	    169	   4
8	    170	   4
8	    171	   4
8	    172	   4
8	    173	   4
8	    174	   4
8	    175	   4
8	    176	   4
8	    177	   4
8	    178	   4
8	    179	   4
8	    180	   4
8	    181	   4
8	    182	   4
8	    183	   4
8	    184	   4
8	    185	   4
8	    186	   4
8	    187	   4
8	    188	   4
8	    119	   4
8	    190	   4
8	    191	   4
8	    192	   4
8	    193	   4
8	    194	   4
8	    195	   4
8	    196	   4
8	    197	   4
8	    198	   4
8	    199	   4
8	    200	   4
//--
9	    0	   4
9	    1	   4
9	    2	   4
9	    3	   4
9	    4	   4
9	    5	   4
9	    6	   4
9	    7	   4
9	    8	   4
9	    9	   4
9	    10	   4
9	    11	   4
9	    12	   4
9	    13	   4
9	    14	   4
9	    15	   4
9	    16	   4
9	    17	   4
9	    18	   4
9	    19	   4
9	    20	   4
9	    21	   4
9	    22	   4
9	    23	   4
9	    24	   4
9	    25	   4
9	    26	   4
9	    27	   4
9	    28	   4
9	    29	   4
9	    30	   4
9	    31	   4
9	    32	   4
9	    33	   4
9	    34	   4
9	    35	   4
9	    36	   4
9	    37	   4
9	    38	   4
9	    39	   4
9	    40	   4
9	    41	   4
9	    42	   4
9	    43	   4
9	    44	   4
9	    45	   4
9	    46	   4
9	    47	   4
9	    48	   4
9	    49	   4
9	    50	   4
9	    51	   4
9	    52	   4
9	    53	   4
9	    54	   4
9	    55	   4
9	    56	   4
9	    57	   4
9	    58	   4
9	    59	   4
9	    60	   4
9	    61	   4
9	    62	   4
9	    63	   4
9	    64	   4
9	    65	   4
9	    66	   4
9	    67	   4
9	    68	   4
9	    69	   4
9	    70	   4
9	    71	   4
9	    72	   4
9	    73	   4
9	    74	   4
9	    75	   4
9	    76	   4
9	    77	   4
9	    78	   4
9	    79	   4
9	    80	   4
9	    81	   4
9	    82	   4
9	    83	   4
9	    84	   4
9	    85	   4
9	    86	   4
9	    87	   4
9	    88	   4
9	    89	   4
9	    90	   4
9	    91	   4
9	    92	   4
9	    93	   4
9	    94	   4
9	    95	   4
9	    96	   4
9	    97	   4
9	    98	   4
9	    99	   4
9	    100	   4
9	    101	   4
9	    102	   4
9	    103	   4
9	    104	   4
9	    105	   4
9	    106	   4
9	    107	   4
9	    108	   4
9	    109	   4
9	    110	   4
9	    111	   4
9	    112	   4
9	    113	   4
9	    114	   4
9	    115	   4
9	    116	   4
9	    117	   4
9	    118	   4
9	    119	   4
9	    120	   4
9	    121	   4
9	    122	   4
9	    123	   4
9	    124	   4
9	    125	   4
9	    126	   4
9	    127	   4
9	    128	   4
9	    129	   4
9	    130	   4
9	    131	   4
9	    132	   4
9	    133	   4
9	    134	   4
9	    135	   4
9	    136	   4
9	    137	   4
9	    138	   4
9	    139	   4
9	    140	   4
9	    141	   4
9	    142	   4
9	    143	   4
9	    144	   4
9	    145	   4
9	    146	   4
9	    147	   4
9	    148	   4
9	    149	   4
9	    150	   4
9	    151	   4
9	    152	   4
9	    153	   4
9	    154	   4
9	    155	   4
9	    156	   4
9	    157	   4
9	    158	   4
9	    159	   4
9	    160	   4
9	    161	   4
9	    162	   4
9	    163	   4
9	    164	   4
9	    165	   4
9	    166	   4
9	    167	   4
9	    168	   4
9	    169	   4
9	    170	   4
9	    171	   4
9	    172	   4
9	    173	   4
9	    174	   4
9	    175	   4
9	    176	   4
9	    177	   4
9	    178	   4
9	    179	   4
9	    180	   4
9	    181	   4
9	    182	   4
9	    183	   4
9	    184	   4
9	    185	   4
9	    186	   4
9	    187	   4
9	    188	   4
9	    119	   4
9	    190	   4
9	    191	   4
9	    192	   4
9	    193	   4
9	    194	   4
9	    195	   4
9	    196	   4
9	    197	   4
9	    198	   4
9	    199	   4
9	    200	   4
//--
10	    0	   4
10	    1	   4
10	    2	   4
10	    3	   4
10	    4	   4
10	    5	   4
10	    6	   4
10	    7	   4
10	    8	   4
10	    9	   4
10	    10	   4
10	    11	   4
10	    12	   4
10	    13	   4
10	    14	   4
10	    15	   4
10	    16	   4
10	    17	   4
10	    18	   4
10	    19	   4
10	    20	   4
10	    21	   4
10	    22	   4
10	    23	   4
10	    24	   4
10	    25	   4
10	    26	   4
10	    27	   4
10	    28	   4
10	    29	   4
10	    30	   4
10	    31	   4
10	    32	   4
10	    33	   4
10	    34	   4
10	    35	   4
10	    36	   4
10	    37	   4
10	    38	   4
10	    39	   4
10	    40	   4
10	    41	   4
10	    42	   4
10	    43	   4
10	    44	   4
10	    45	   4
10	    46	   4
10	    47	   4
10	    48	   4
10	    49	   4
10	    50	   4
10	    51	   4
10	    52	   4
10	    53	   4
10	    54	   4
10	    55	   4
10	    56	   4
10	    57	   4
10	    58	   4
10	    59	   4
10	    60	   4
10	    61	   4
10	    62	   4
10	    63	   4
10	    64	   4
10	    65	   4
10	    66	   4
10	    67	   4
10	    68	   4
10	    69	   4
10	    70	   4
10	    71	   4
10	    72	   4
10	    73	   4
10	    74	   4
10	    75	   4
10	    76	   4
10	    77	   4
10	    78	   4
10	    79	   4
10	    80	   4
10	    81	   4
10	    82	   4
10	    83	   4
10	    84	   4
10	    85	   4
10	    86	   4
10	    87	   4
10	    88	   4
10	    89	   4
10	    90	   4
10	    91	   4
10	    92	   4
10	    93	   4
10	    94	   4
10	    95	   4
10	    96	   4
10	    97	   4
10	    98	   4
10	    99	   4
10	    100	   4
10	    101	   4
10	    102	   4
10	    103	   4
10	    104	   4
10	    105	   4
10	    106	   4
10	    107	   4
10	    108	   4
10	    109	   4
10	    110	   4
10	    111	   4
10	    112	   4
10	    113	   4
10	    114	   4
10	    115	   4
10	    116	   4
10	    117	   4
10	    118	   4
10	    119	   4
10	    120	   4
10	    121	   4
10	    122	   4
10	    123	   4
10	    124	   4
10	    125	   4
10	    126	   4
10	    127	   4
10	    128	   4
10	    129	   4
10	    130	   4
10	    131	   4
10	    132	   4
10	    133	   4
10	    134	   4
10	    135	   4
10	    136	   4
10	    137	   4
10	    138	   4
10	    139	   4
10	    140	   4
10	    141	   4
10	    142	   4
10	    143	   4
10	    144	   4
10	    145	   4
10	    146	   4
10	    147	   4
10	    148	   4
10	    149	   4
10	    150	   4
10	    151	   4
10	    152	   4
10	    153	   4
10	    154	   4
10	    155	   4
10	    156	   4
10	    157	   4
10	    158	   4
10	    159	   4
10	    160	   4
10	    161	   4
10	    162	   4
10	    163	   4
10	    164	   4
10	    165	   4
10	    166	   4
10	    167	   4
10	    168	   4
10	    169	   4
10	    170	   4
10	    171	   4
10	    172	   4
10	    173	   4
10	    174	   4
10	    175	   4
10	    176	   4
10	    177	   4
10	    178	   4
10	    179	   4
10	    180	   4
10	    181	   4
10	    182	   4
10	    183	   4
10	    184	   4
10	    185	   4
10	    186	   4
10	    187	   4
10	    188	   4
10	    119	   4
10	    190	   4
10	    191	   4
10	    192	   4
10	    193	   4
10	    194	   4
10	    195	   4
10	    196	   4
10	    197	   4
10	    198	   4
10	    199	   4
10	    200	   4
//--
11	    0	   4
11	    1	   4
11	    2	   4
11	    3	   4
11	    4	   4
11	    5	   4
11	    6	   4
11	    7	   4
11	    8	   4
11	    9	   4
11	    10	   4
11	    11	   4
11	    12	   4
11	    13	   4
11	    14	   4
11	    15	   4
11	    16	   4
11	    17	   4
11	    18	   4
11	    19	   4
11	    20	   4
11	    21	   4
11	    22	   4
11	    23	   4
11	    24	   4
11	    25	   4
11	    26	   4
11	    27	   4
11	    28	   4
11	    29	   4
11	    30	   4
11	    31	   4
11	    32	   4
11	    33	   4
11	    34	   4
11	    35	   4
11	    36	   4
11	    37	   4
11	    38	   4
11	    39	   4
11	    40	   4
11	    41	   4
11	    42	   4
11	    43	   4
11	    44	   4
11	    45	   4
11	    46	   4
11	    47	   4
11	    48	   4
11	    49	   4
11	    50	   4
11	    51	   4
11	    52	   4
11	    53	   4
11	    54	   4
11	    55	   4
11	    56	   4
11	    57	   4
11	    58	   4
11	    59	   4
11	    60	   4
11	    61	   4
11	    62	   4
11	    63	   4
11	    64	   4
11	    65	   4
11	    66	   4
11	    67	   4
11	    68	   4
11	    69	   4
11	    70	   4
11	    71	   4
11	    72	   4
11	    73	   4
11	    74	   4
11	    75	   4
11	    76	   4
11	    77	   4
11	    78	   4
11	    79	   4
11	    80	   4
11	    81	   4
11	    82	   4
11	    83	   4
11	    84	   4
11	    85	   4
11	    86	   4
11	    87	   4
11	    88	   4
11	    89	   4
11	    90	   4
11	    91	   4
11	    92	   4
11	    93	   4
11	    94	   4
11	    95	   4
11	    96	   4
11	    97	   4
11	    98	   4
11	    99	   4
11	    100	   4
11	    101	   4
11	    102	   4
11	    103	   4
11	    104	   4
11	    105	   4
11	    106	   4
11	    107	   4
11	    108	   4
11	    109	   4
11	    110	   4
11	    111	   4
11	    112	   4
11	    113	   4
11	    114	   4
11	    115	   4
11	    116	   4
11	    117	   4
11	    118	   4
11	    119	   4
11	    120	   4
11	    121	   4
11	    122	   4
11	    123	   4
11	    124	   4
11	    125	   4
11	    126	   4
11	    127	   4
11	    128	   4
11	    129	   4
11	    130	   4
11	    131	   4
11	    132	   4
11	    133	   4
11	    134	   4
11	    135	   4
11	    136	   4
11	    137	   4
11	    138	   4
11	    139	   4
11	    140	   4
11	    141	   4
11	    142	   4
11	    143	   4
11	    144	   4
11	    145	   4
11	    146	   4
11	    147	   4
11	    148	   4
11	    149	   4
11	    150	   4
11	    151	   4
11	    152	   4
11	    153	   4
11	    154	   4
11	    155	   4
11	    156	   4
11	    157	   4
11	    158	   4
11	    159	   4
11	    160	   4
11	    161	   4
11	    162	   4
11	    163	   4
11	    164	   4
11	    165	   4
11	    166	   4
11	    167	   4
11	    168	   4
11	    169	   4
11	    170	   4
11	    171	   4
11	    172	   4
11	    173	   4
11	    174	   4
11	    175	   4
11	    176	   4
11	    177	   4
11	    178	   4
11	    179	   4
11	    180	   4
11	    181	   4
11	    182	   4
11	    183	   4
11	    184	   4
11	    185	   4
11	    186	   4
11	    187	   4
11	    188	   4
11	    119	   4
11	    190	   4
11	    191	   4
11	    192	   4
11	    193	   4
11	    194	   4
11	    195	   4
11	    196	   4
11	    197	   4
11	    198	   4
11	    199	   4
11	    200	   4
end