//=======================================================
// Set Item Type - EX Legacy Season 6 Episode XIV
//=======================================================
//Section   Type   StatType   OptionIndex1   OptionIndex2
//========================================================
//Sword
//===============================================
0	    2	   0	      21	     0
0	    14	   0	      11	     0
0       32	   0          37	     38
0 	    17     0          57         0
0  	    31     0          60         0
0  	    34     0          63         0

//===============================================
//Mace
//===============================================
2	    1	   0	      1	         0
2	    11	   0 	      61 	     0

//===============================================
//Bow
//===============================================
4	    5	   1	      29	     0
4	    9	   1	      23	     0
4 	    17 	   1 	      59 	     0

//===============================================
//Staff
//===============================================
5	    0	   2	      13	     0
5	    18	   2	      42	     0
5	    9	   2	      0 	     58

//===============================================
//Shield
//===============================================
6	    0	   3	      2	             0
6	    6	   3	      17	     0
6	    9	   3	      5	             0

//===============================================
//Helm
//===============================================
7	    36	   3	      52	     0 
7  	    17 	   3 	      57 	     0 
7  	    38 	   3 	      61 	     0 
7 	    61 	   3 	      63 	     0 
7	    0	   3	      4	             0
7	    1	   3	      11	     12
7	    2	   3	      13	     14
7	    3	   3	      19	     20
7	    4	   3	      0 	     16
7	    5	   3	      1	             2
7	    6	   3	      5	             6
7	    7	   3	      17	     0
7	    8	   3	      8	             0
7	    9	   3	      10	     0
7	    10	   3	      21	     22
7	    11	   3	      23	     0
7	    12	   3	      25	     0
7	    14	   3	      0	             30
7	    26	   3	      33	     0
7	    40	   3	      35	     36
7           59	   3          37	     0
7           62	   3          39	     0
7           63	   3          40	     0
7           64	   3          41	     0
7           65	   3          42	     0
7           66	   3          43	     0
7           67	   3          44	     0
7           68	   3          45	     0
7           69	   3          46	     0
7           70	   3          47	     0
7           72	   3          49	     0

//===============================================
//Bloodangel Helm
//===============================================
7           98	   3          78 	     0
7           99	   3          80 	     0
7           100	   3          82 	     0
7           101	   3          84 	     0
7           103	   3          88 	     0
7           104	   3          90 	     0

//===============================================
//Darkangel Helm
//===============================================
7           138	   3          110 	     0
7           139	   3          111 	     0
7           140	   3          112 	     0
7           141	   3          113 	     0
7           143	   3          115 	     0
7           144	   3          116 	     0

//===============================================
//Holyangel Helm
//===============================================
7           150	   3          118 	     0
7           151	   3          119	     0
7           152	   3          120 	     0
7           153	   3          121 	     0
7           155	   3          123 	     0
7           156	   3          124 	     0

//===============================================
//Awakening Armor
//===============================================
7           106	   3          132 	     0
7           107	   3          133 	     0
7           108	   3          134 	     0
7           109	   3          135 	     0
7           111	   3          137 	     0
7           112	   3          138 	     0

//===============================================
//Frost Armor
//===============================================
7           164	   3          142 	     0
7           165	   3          143 	     0
7           166	   3          144 	     0
7           167	   3          145 	     0
7           169	   3          147 	     0
7           170	   3          148 	     0

//===============================================
//Armor
//===============================================
8	    42	   3	      55	     0 
8   	    17 	   3 	      57 	     0 
8   	    18 	   3 	      0 	     58 
8   	    19 	   3 	      59 	     0 
8   	    38 	   3 	      61 	     0 
8   	    42 	   3 	      62 	     0 
8  	    61 	   3 	      63 	     0 
8	    0	   3	      3	             0
8	    1	   3	      0	             12
8	    2	   3	      13	     0
8	    3	   3	      19	     20
8	    4	   3	      15	     16
8	    5	   3	      1	             0
8	    6	   3	      5	             6
8	    7	   3	      17	     18
8	    8	   3	      7	             0
8	    9	   3	      10             9
8	    10	   3	      22	     0
8	    11	   3	      23	     0
8	    12	   3	      25	     0
8	    13	   3	      27	     0
8	    14	   3	      29	     30
8	    15	   3	      31	     32
8	    26	   3	      33	     0
8	    40	   3	      0	             36
8           59	   3          37	     38
8           62	   3          39	     0
8           63	   3          40	     0
8           64	   3          41	     0
8           65	   3          42	     0
8           66	   3          43	     0
8           67	   3          44	     0
8           68	   3          45	     0
8           69	   3          46	     0
8           70	   3          47	     0
8           71	   3          48	     0
8           72	   3          49	     0

//===============================================
//Bloodangel Armor
//===============================================
8           98	   3          78 	     0
8           99	   3          80 	     0
8           100	   3          82 	     0
8           101	   3          84 	     0
8           102	   3          86 	     0
8           103	   3          88 	     0
8           104	   3          90 	     0

//===============================================
//Darkangel Armor
//===============================================
8           138	   3          110 	     0
8           139	   3          111 	     0
8           140	   3          112 	     0
8           141	   3          113 	     0
8           142	   3          114 	     0
8           143	   3          115 	     0
8           144	   3          116 	     0

//===============================================
//Holyangel Armor
//===============================================
8           150	   3          118 	     0
8           151	   3          119	     0
8           152	   3          120 	     0
8           153	   3          121 	     0
8           154	   3          122 	     0
8           155	   3          123 	     0
8           156	   3          124 	     0

//===============================================
//Awakening Armor
//===============================================
8           106	   3          132 	     0
8           107	   3          133 	     0
8           108	   3          134 	     0
8           109	   3          135 	     0
8           110	   3          136 	     0
8           111	   3          137 	     0
8           112	   3          138 	     0

//===============================================
//Frost Armor
//===============================================
8           164	   3          142 	     0
8           165	   3          143 	     0
8           166	   3          144 	     0
8           167	   3          145 	     0
8           168	   3          146 	     0
8           169	   3          147 	     0
8           170	   3          148 	     0

//===============================================
//Pants
//===============================================
9	    16	   3	      50	     0 
9 	    35 	   3 	      51 	     0 
9 	    36 	   3 	      52 	     0 
9 	    17 	   3 	      57 	     0 
9 	    19 	   3 	      59 	     0 
9 	    20 	   3 	      60 	     0 
9 	    42 	   3 	      62 	     0 
9	    0	   3	      3	             4
9	    1	   3	      0	             12
9	    2	   3	      13	     14
9	    3	   3	      0	             20
9	    4	   3	      15	     0
9	    5	   3	      1	             2
9	    6	   3	      5	             6
9	    7	   3	      17	     18
9	    8	   3	      7	             8
9	    9	   3	      10	     0
9	    10	   3	      21	     22
9	    11	   3	      23	     24
9	    12	   3	      25	     26
9	    13	   3	      27	     28
9	    14	   3	      0	             30
9	    15	   3	      31	     32
9	    26	   3	      33	     34
9	    40	   3	      35	     0
9           59	   3          37	     38
9           62	   3          39	     0
9           63	   3          40	     0
9           64	   3          41	     0
9           65	   3          42	     0
9           66	   3          43	     0
9           67	   3          44	     0
9           68	   3          45	     0
9           69	   3          46	     0
9           70	   3          47	     0
9           71	   3          48	     0
9           72	   3          49	     0

//===============================================
//Bloodangel Pants
//===============================================
9           98	   3          78 	     0
9           99	   3          80 	     0
9           100	   3          82 	     0
9           101	   3          84 	     0
9           102	   3          86 	     0
9           103	   3          88 	     0
9           104	   3          90 	     0

//===============================================
//Darkangel Pants
//===============================================
9           138	   3          110 	     0
9           139	   3          111 	     0
9           140	   3          112 	     0
9           141	   3          113 	     0
9           142	   3          114 	     0
9           143	   3          115 	     0
9           144	   3          116 	     0

//===============================================
//Holyangel Pants
//===============================================
9           150	   3          118 	     0
9           151	   3          119	     0
9           152	   3          120	     0
9           153	   3          121 	     0
9           154	   3          122 	     0
9           155	   3          123 	     0
9           156	   3          124 	     0

//===============================================
//Awakening Pants
//===============================================
9           106	   3          132 	     0
9           107	   3          133 	     0
9           108	   3          134 	     0
9           109	   3          135 	     0
9           110	   3          136 	     0
9           111	   3          137 	     0
9           112	   3          138 	     0

//===============================================
//Frost Pants
//===============================================
9           164	   3          142 	     0
9           165	   3          143 	     0
9           166	   3          144 	     0
9           167	   3          145 	     0
9           168	   3          146 	     0
9           169	   3          147 	     0
9           170	   3          148 	     0

//===============================================
//Gloves
//===============================================
10	    27	   3	      54	     0 
10 	    18 	   3 	      0 	     58 
10 	    20 	   3 	      60 	     0 
10 	    38 	   3 	      61 	     0 
10 	    42 	   3 	      62 	     0
10	    0	   3	      4	             0
10	    1	   3	      11	     0
10	    2	   3	      13	     0
10	    3	   3	      19	     0
10	    4	   3	      0 	     16
10	    5	   3	      1	             0
10	    6	   3	      6	             0
10	    7	   3	      17	     0
10	    8	   3	      7	             0
10	    9	   3	      0	             9
10	    10	   3	      21	     0
10	    11	   3	      23	     24
10	    12	   3	      25	     0
10	    13	   3	      27	     0
10	    14	   3	      29	     0
10	    15	   3	      0	             32
10	    26	   3	      0	             34
10	    40	   3	      35	     36
10          62	   3          39	     0
10          63	   3          40	     0
10          64	   3          41	     0
10          65	   3          42	     0
10          66	   3          43	     0
10          67	   3          44	     0
10          68	   3          45	     0
10          69	   3          46	     0
10          70	   3          47	     0
10          71	   3          48	     0

//===============================================
//Bloodangel Gloves
//===============================================
10          99	   3          80 	     0
10          100	   3          82 	     0
10          102	   3          86 	     0
10          103	   3          88 	     0

//===============================================
//Darkangel Gloves
//===============================================
10          139	   3          111 	     0
10          140	   3          112 	     0
10          142	   3          114 	     0
10          143	   3          115 	     0

//===============================================
//Holyangel Gloves
//===============================================
10          151	   3          119	     0
10          152	   3          120 	     0
10          154	   3          122 	     0
10          155	   3          123 	     0

//===============================================
//Awakening Gloves
//===============================================
10          107	   3          133 	     0
10          108	   3          134 	     0
10          110	   3          136 	     0
10          111	   3          137 	     0

//===============================================
//Frost Gloves
//===============================================
10          165	   3          143 	     0
10          166	   3          144 	     0
10          168	   3          146 	     0
10          169	   3          147 	     0

//===============================================
//Boots
//===============================================
11	    27	   3	      54	     0 
11 	    37 	   3 	      53 	     0 
11 	    17 	   3 	      57 	     0 
11 	    18 	   3 	      0 	     58 
11 	    19 	   3 	      59 	     0 
11 	    20 	   3 	      60 	     0 
11 	    38 	   3 	      61	     0 
11 	    61 	   3 	      63 	     0 
11	    0	   3	      3	             0
11	    1	   3	      11	     0
11	    2	   3	      14	     0
11	    3	   3	      0	             20
11	    4	   3	      15	     16
11	    5	   3	      1	             2
11	    6	   3	      6	             0
11	    7	   3	      17	     18
11	    8	   3	      7	             0
11	    9	   3	      0	             9
11	    10	   3	      21	     22
11	    11	   3	      24	     0
11	    12	   3	      25	     26
11	    14	   3	      29	     30
11	    15	   3	      31	     0
11	    26	   3	      0	             34
11	    40	   3	      0	             36
11	    59	   3	      38	     0
11	    62	   3	      39	     0
11	    63	   3	      40	     0
11	    64	   3	      41	     0
11	    65	   3	      42	     0
11	    66	   3	      43	     0
11	    67	   3	      44	     0
11	    68	   3	      45	     0
11	    69	   3	      46	     0
11	    70	   3	      47	     0
11	    71	   3	      48	     0
11	    72	   3	      49	     0

//===============================================
//Bloodangel Boots
//===============================================
11          98	   3          78 	     0
11          101	   3          84 	     0
11          102	   3          86 	     0
11          104	   3          90 	     0

//===============================================
//Darkangel Boots
//===============================================
11          138	   3          110 	     0
11          141	   3          113 	     0
11          142	   3          114 	     0
11          144	   3          116 	     0

//===============================================
//Holyangel Boots
//===============================================
11          150	   3          118	     0
11          153	   3          121 	     0
11          154	   3          122 	     0
11          156	   3          124	     0

//===============================================
//Awakening Boots
//===============================================
11          106	   3          132 	     0
11          109	   3          135 	     0
11          110	   3          136 	     0
11          112	   3          138 	     0

//===============================================
//Frost Boots
//===============================================
11          164	   3          142 	     0
11          167	   3          145 	     0
11          168	   3          146 	     0
11          170	   3          148 	     0

//===============================================
//Rings & Pendants
//===============================================
13 	    8	   1 	      1	             62
13  	    9 	   3  	      33             9
13  	    12 	   2  	      5 	     60
13  	    13 	   0  	      7  	     53
13  	    21 	   2  	      19  	     32
13  	    22 	   0  	      21  	     12
13  	    23 	   1  	      63 	     9
13  	    24 	   2  	      13  	     35
13  	    25 	   0  	      13  	     34
13  	    26 	   1  	      15  	     59
13  	    27 	   3  	      31  	     58
13  	    28 	   1  	      29  	     0
end